329.5011e-9 3.82612
333.6271e-9 3.81929
337.1661e-9 3.80699
338.3531e-9 3.78784
341.3131e-9 3.75774
344.2771e-9 3.71671
347.2401e-9 3.67977
349.6101e-9 3.64831
353.1611e-9 3.61275
356.7131e-9 3.57445
360.8521e-9 3.54163
366.1741e-9 3.49512
370.3111e-9 3.46503
376.2191e-9 3.42674
382.7161e-9 3.38708
387.4431e-9 3.35563
393.9331e-9 3.32965
402.7861e-9 3.28999
409.2791e-9 3.25991
416.3581e-9 3.23530
426.9751e-9 3.19976
435.2341e-9 3.17105
444.6701e-9 3.14371
454.1021e-9 3.12321
463.5351e-9 3.10135
474.1451e-9 3.08085
487.1131e-9 3.05626
501.2581e-9 3.03304
516.5811e-9 3.00982
531.3131e-9 2.99070
547.8101e-9 2.97433
560.1851e-9 2.95794
580.8051e-9 2.94021
597.8921e-9 2.92247
619.0981e-9 2.91021
640.3051e-9 2.89659
661.5131e-9 2.88159
683.8971e-9 2.87071
705.1021e-9 2.86119
721.5941e-9 2.85439
744.5651e-9 2.84624
769.3031e-9 2.83810
795.2201e-9 2.82859
822.3121e-9 2.82319
838.8031e-9 2.81912
849.4041e-9 2.81642