Ge sylarus wafer 300-1700nm, 75-77-79 deg, AR on, alignment detector out
VASEmethod[EllipsometerType=5, Isotropic+Depolarization, AutoRetarder=1, TrackPol=1, Pol>=0, Revs=5.0, AutoSlit=1700, WVASE=3.862, HardVer=6.256, Fri Jan 06 16:36:41 2017]
Original[ge_sylarus_wafer_scan_300_1700nm_75_77_79_alignment_out_ar.dat]
nm
300.000000	75.000000	27.708399	102.1311	0.047283	0.140573
305.000000	75.000000	26.682058	101.86956	0.0438697	0.133778
310.000000	75.000000	25.895998	101.48099	0.0382646	0.118406
315.000000	75.000000	25.294973	101.2794	0.0407412	0.127359
320.000000	75.000000	24.773066	101.19508	0.0458801	0.150452
325.000000	75.000000	24.298504	101.04816	0.0440148	0.145237
330.000000	75.000000	23.873617	101.08326	0.0455404	0.151426
335.000000	75.000000	23.485313	101.16074	0.0444328	0.149191
340.000000	75.000000	23.125267	101.32589	0.0405691	0.137295
345.000000	75.000000	22.784506	101.50948	0.0409285	0.139613
350.000000	75.000000	22.478632	101.74226	0.041208	0.141895
355.000000	75.000000	22.170856	102.15963	0.0424978	0.147941
360.000000	75.000000	21.84668	102.4158	0.0441854	0.159722
365.000000	75.000000	21.538849	102.82679	0.0385577	0.140471
370.000000	75.000000	21.212866	103.38016	0.040509	0.149765
375.000000	75.000000	20.87475	103.656	0.0388129	0.144735
380.000000	75.000000	20.517082	103.91793	0.0368676	0.139064
385.000000	75.000000	20.160097	104.11032	0.0407549	0.155921
390.000000	75.000000	19.820801	104.17891	0.0362359	0.140204
395.000000	75.000000	19.490349	104.12498	0.0376198	0.147178
400.000000	75.000000	19.221375	104.01823	0.0374076	0.148076
405.000000	75.000000	18.996195	103.61673	0.0391773	0.159655
410.000000	75.000000	18.837587	103.35293	0.0385567	0.157772
415.000000	75.000000	18.739388	103.005	0.0370357	0.151403
420.000000	75.000000	18.686996	102.7018	0.0400119	0.162951
425.000000	75.000000	18.676893	102.64732	0.0365439	0.148573
430.000000	75.000000	18.695143	102.62658	0.0368714	0.149286
435.000000	75.000000	18.733917	102.71404	0.0393728	0.158744
440.000000	75.000000	18.779259	102.94549	0.0361709	0.145279
445.000000	75.000000	18.827223	103.27495	0.0398274	0.159525
450.000000	75.000000	18.876869	103.74862	0.0356583	0.146316
455.000000	75.000000	18.928045	104.20667	0.0349581	0.142877
460.000000	75.000000	18.976824	104.73005	0.0372662	0.151792
465.000000	75.000000	19.02417	105.41783	0.0354601	0.144457
470.000000	75.000000	19.069445	105.98249	0.0350791	0.142443
475.000000	75.000000	19.114159	106.81176	0.0355137	0.144651
480.000000	75.000000	19.159767	107.64181	0.0314089	0.128002
485.000000	75.000000	19.202059	108.47342	0.0324953	0.132817
490.000000	75.000000	19.243919	109.36023	0.0348203	0.142689
495.000000	75.000000	19.280323	110.21477	0.0356615	0.146581
500.000000	75.000000	19.316055	111.15171	0.0307013	0.127736
505.000000	75.000000	19.353113	112.16286	0.0319445	0.133151
510.000000	75.000000	19.390665	113.33949	0.0321173	0.134422
515.000000	75.000000	19.423351	114.65777	0.0282294	0.119042
520.000000	75.000000	19.434982	116.19721	0.0280197	0.119428
525.000000	75.000000	19.388796	117.89623	0.0277733	0.120132
530.000000	75.000000	19.255732	119.55154	0.0262403	0.115649
535.000000	75.000000	19.029264	121.25716	0.0237212	0.107219
540.000000	75.000000	18.75292	122.52647	0.0278724	0.128907
545.000000	75.000000	18.468033	123.80065	0.0219435	0.104169
550.000000	75.000000	18.205074	124.86901	0.0229366	0.111816
555.000000	75.000000	18.028343	125.56992	0.0201109	0.0967839
560.000000	75.000000	17.8985	126.46763	0.0176142	0.0859794
565.000000	75.000000	17.847679	127.41486	0.0185848	0.0917458
570.000000	75.000000	17.825983	128.71907	0.0216585	0.108272
575.000000	75.000000	17.778435	130.42743	0.0197326	0.100391
580.000000	75.000000	17.647202	132.47322	0.0172297	0.0898585
585.000000	75.000000	17.379536	134.72124	0.0165493	0.0891619
590.000000	75.000000	17.012697	136.70807	0.0166359	0.0931839
595.000000	75.000000	16.569277	138.42415	0.015009	0.0874017
600.000000	75.000000	16.052864	140.03726	0.014616	0.0887783
605.000000	75.000000	15.537284	141.09889	0.0222685	0.133905
610.000000	75.000000	15.054248	142.02702	0.0230981	0.144046
615.000000	75.000000	14.584881	142.75508	0.0228216	0.147345
620.000000	75.000000	14.177037	143.33952	0.0219271	0.147143
625.000000	75.000000	13.783861	143.79846	0.0201529	0.139628
630.000000	75.000000	13.421274	144.18906	0.0193149	0.137855
635.000000	75.000000	13.082281	144.51271	0.0188365	0.139064
640.000000	75.000000	12.758546	144.75519	0.0210278	0.159739
645.000000	75.000000	12.468586	144.98984	0.0181625	0.141688
650.000000	75.000000	12.195014	145.10464	0.0199231	0.1593
655.000000	75.000000	11.935275	145.2608	0.0183422	0.151283
660.000000	75.000000	11.693736	145.42307	0.0159344	0.134741
665.000000	75.000000	11.465523	145.38484	0.024777	0.202204
670.000000	75.000000	11.249285	145.48354	0.0235189	0.196132
675.000000	75.000000	11.044301	145.64542	0.020595	0.175413
680.000000	75.000000	10.848773	145.72328	0.0213742	0.187075
685.000000	75.000000	10.669216	145.75124	0.0192097	0.171527
690.000000	75.000000	10.491889	145.71875	0.021704	0.197628
695.000000	75.000000	10.324602	145.81578	0.0194903	0.180968
700.000000	75.000000	10.166759	145.82028	0.0198936	0.18804
705.000000	75.000000	10.014431	145.86893	0.0198394	0.190925
710.000000	75.000000	9.8610783	145.98537	0.0162237	0.160047
715.000000	75.000000	9.728569	146.00598	0.0164435	0.165185
720.000000	75.000000	9.5954628	146.00572	0.0179195	0.18305
725.000000	75.000000	9.4637623	145.97514	0.0175015	0.181662
730.000000	75.000000	9.3286314	145.95181	0.0221089	0.220803
735.000000	75.000000	9.214304	145.99762	0.0240854	0.244221
740.000000	75.000000	9.0828657	146.02513	0.0223581	0.230585
745.000000	75.000000	8.975522	146.00342	0.0219983	0.230211
750.000000	75.000000	8.8702059	146.00201	0.0213189	0.226223
755.000000	75.000000	8.7648878	146.0545	0.0190708	0.20543
760.000000	75.000000	8.657877	146.08521	0.0175855	0.192202
765.000000	75.000000	8.5594406	146.05913	0.0200021	0.221892
770.000000	75.000000	8.4765348	146.08591	0.0186999	0.209738
775.000000	75.000000	8.3800259	146.04237	0.0204783	0.232506
780.000000	75.000000	8.288619	146.05345	0.0170308	0.195643
785.000000	75.000000	8.2004366	146.11208	0.0173358	0.20169
790.000000	75.000000	8.1136494	146.10156	0.0213474	0.238574
795.000000	75.000000	8.0391703	146.00775	0.0221967	0.25039
800.000000	75.000000	7.9562373	146.08276	0.022962	0.262294
805.000000	75.000000	7.8810749	146.05106	0.0217411	0.251084
810.000000	75.000000	7.8041558	146.13893	0.0201208	0.234896
815.000000	75.000000	7.7287068	146.14925	0.0185452	0.219078
820.000000	75.000000	7.6437836	146.15518	0.019188	0.230192
825.000000	75.000000	7.5978365	146.13922	0.0183772	0.222513
830.000000	75.000000	7.5408874	146.12292	0.0195451	0.238716
835.000000	75.000000	7.4638233	146.23604	0.0165101	0.203932
840.000000	75.000000	7.3994584	146.19113	0.0183487	0.228594
845.000000	75.000000	7.3469954	146.29932	0.0148094	0.185943
850.000000	75.000000	7.278964	146.29338	0.0145781	0.183975
855.000000	75.000000	7.215292	146.22939	0.0216302	0.261568
860.000000	75.000000	7.1570501	146.23157	0.0213419	0.260482
865.000000	75.000000	7.0997844	146.32658	0.0200418	0.247438
870.000000	75.000000	7.0483875	146.34393	0.01773	0.221193
875.000000	75.000000	6.9977326	146.27303	0.022184	0.279478
880.000000	75.000000	6.9353952	146.45534	0.0167836	0.21414
885.000000	75.000000	6.9081168	146.32433	0.0197711	0.253627
890.000000	75.000000	6.8516712	146.39754	0.0184493	0.238688
895.000000	75.000000	6.7959924	146.39848	0.0196271	0.256308
900.000000	75.000000	6.7575269	146.4807	0.0180555	0.237401
905.000000	75.000000	6.7029476	146.48143	0.0187863	0.249276
910.000000	75.000000	6.6658154	146.46075	0.0189301	0.252575
915.000000	75.000000	6.6088548	146.62061	0.0167119	0.225398
920.000000	75.000000	6.5807776	146.47112	0.0230648	0.297722
925.000000	75.000000	6.5327501	146.59343	0.0217806	0.283061
930.000000	75.000000	6.4896612	146.55304	0.020454	0.267003
935.000000	75.000000	6.4480391	146.61195	0.0217067	0.285358
940.000000	75.000000	6.4069633	146.66188	0.0215313	0.285285
945.000000	75.000000	6.3692646	146.7003	0.0225389	0.300449
950.000000	75.000000	6.3315248	146.8027	0.0200491	0.269636
955.000000	75.000000	6.2986226	146.76399	0.0199072	0.26957
960.000000	75.000000	6.2578673	146.79335	0.0195629	0.266068
965.000000	75.000000	6.2203403	146.87238	0.0200051	0.273537
970.000000	75.000000	6.1853323	146.95531	0.0185526	0.256151
975.000000	75.000000	6.1493278	146.98747	0.0208512	0.290362
980.000000	75.000000	6.1136408	147.06665	0.0203605	0.285955
985.000000	75.000000	6.0881147	147.12209	0.0180641	0.254944
990.000000	75.000000	6.0434384	147.11511	0.0216151	0.293207
995.000000	75.000000	6.0242825	147.16013	0.0224561	0.306232
1000.000000	75.000000	5.9904222	147.22385	0.0211531	0.289358
1005.000000	75.000000	5.9620013	147.19447	0.0253908	0.348343
1010.000000	75.000000	5.9325624	147.32559	0.0235107	0.324603
1015.000000	75.000000	5.8952999	147.40706	0.0251073	0.349366
1020.000000	75.000000	5.8669033	147.4521	0.0233837	0.326427
1025.000000	75.000000	5.8381643	147.53574	0.0191669	0.269102
1030.000000	75.000000	5.8074284	147.59213	0.0244483	0.344933
1035.000000	75.000000	5.7862582	147.71355	0.0191012	0.270761
1040.000000	75.000000	5.7636466	147.65065	0.0227356	0.323911
1045.000000	75.000000	5.7174315	148.02557	0.0243774	0.351108
1050.000000	75.000000	5.7039967	147.89914	0.0258463	0.37269
1055.000000	75.000000	5.66682	147.9388	0.0170186	0.249048
1060.000000	75.000000	5.6474233	148.01553	0.0173471	0.255203
1065.000000	75.000000	5.6170402	148.08432	0.0162814	0.240932
1070.000000	75.000000	5.5889788	148.15714	0.018746	0.266191
1075.000000	75.000000	5.5610518	148.26509	0.0196098	0.280212
1080.000000	75.000000	5.5353475	148.42958	0.0187475	0.269677
1085.000000	75.000000	5.5144238	148.44434	0.0201108	0.290626
1090.000000	75.000000	5.4962816	148.47884	0.0204763	0.297428
1095.000000	75.000000	5.4720497	148.58342	0.0195338	0.285185
1100.000000	75.000000	5.4441714	148.71722	0.0191817	0.281613
1105.000000	75.000000	5.4129839	148.91876	0.0183482	0.271314
1110.000000	75.000000	5.387414	149.05739	0.0178138	0.26511
1115.000000	75.000000	5.3707991	149.06364	0.0179779	0.268684
1120.000000	75.000000	5.351717	149.10498	0.0184114	0.276556
1125.000000	75.000000	5.3279161	149.22035	0.0181278	0.273795
1130.000000	75.000000	5.3016396	149.31538	0.0184831	0.280308
1135.000000	75.000000	5.2780814	149.44841	0.017443	0.266075
1140.000000	75.000000	5.2563019	149.48672	0.0217617	0.31842
1145.000000	75.000000	5.2311187	149.62961	0.0202637	0.29807
1150.000000	75.000000	5.2079811	149.78035	0.019129	0.283042
1155.000000	75.000000	5.1837974	149.86201	0.019817	0.294551
1160.000000	75.000000	5.163269	149.9192	0.0209644	0.313177
1165.000000	75.000000	5.1382146	150.0498	0.0195156	0.293237
1170.000000	75.000000	5.1089525	150.24048	0.0193047	0.292139
1175.000000	75.000000	5.0889831	150.28957	0.0196048	0.298335
1180.000000	75.000000	5.0731964	150.30161	0.019549	0.298813
1185.000000	75.000000	5.0559287	150.32143	0.0204742	0.314324
1190.000000	75.000000	5.0338793	150.42131	0.0204704	0.315829
1195.000000	75.000000	5.0089488	150.4928	0.0203282	0.314857
1200.000000	75.000000	4.9872165	150.57887	0.0197151	0.306672
1205.000000	75.000000	4.9655833	150.68735	0.0172258	0.269092
1210.000000	75.000000	4.9447765	150.717	0.0202775	0.318186
1215.000000	75.000000	4.9253874	150.82855	0.0195386	0.308175
1220.000000	75.000000	4.9047647	150.91188	0.0183812	0.278017
1225.000000	75.000000	4.8858156	150.89299	0.0207413	0.314766
1230.000000	75.000000	4.8711543	150.94864	0.019979	0.304414
1235.000000	75.000000	4.8563485	150.96429	0.0241987	0.368943
1240.000000	75.000000	4.830512	151.14357	0.0270529	0.412444
1245.000000	75.000000	4.8115611	151.03949	0.0205476	0.314723
1250.000000	75.000000	4.7883258	151.36292	0.0114832	0.176739
1255.000000	75.000000	4.776876	151.49248	0.0200455	0.310822
1260.000000	75.000000	4.7551303	151.44325	0.0199082	0.31147
1265.000000	75.000000	4.7410173	151.48877	0.0207687	0.327057
1270.000000	75.000000	4.7312174	151.46825	0.0208375	0.329446
1275.000000	75.000000	4.7162538	151.52237	0.0200159	0.31739
1280.000000	75.000000	4.6986947	151.64865	0.0198598	0.316306
1285.000000	75.000000	4.684854	151.79353	0.0164611	0.263218
1290.000000	75.000000	4.6725125	151.85201	0.0175103	0.281253
1295.000000	75.000000	4.6518373	151.84807	0.0188282	0.290008
1300.000000	75.000000	4.6351933	151.94801	0.0205285	0.317337
1305.000000	75.000000	4.6220641	152.01703	0.020108	0.312052
1310.000000	75.000000	4.6131034	152.13191	0.0220961	0.344737
1315.000000	75.000000	4.5925231	152.14412	0.0227241	0.354932
1320.000000	75.000000	4.5886173	152.28093	0.0199343	0.312739
1325.000000	75.000000	4.5712023	152.38873	0.0244816	0.385353
1330.000000	75.000000	4.5556474	152.34689	0.0240827	0.379907
1335.000000	75.000000	4.5333428	152.44283	0.0314678	0.497443
1340.000000	75.000000	4.5293412	152.32111	0.0252307	0.398989
1345.000000	75.000000	4.5210376	152.72253	0.0464823	0.741109
1350.000000	75.000000	4.4803805	152.50562	0.0357029	0.570478
1355.000000	75.000000	4.4869099	152.34589	0.036595	0.583193
1430.000000	75.000000	4.3407822	154.47336	0.0553186	0.904859
1435.000000	75.000000	4.3350697	154.76353	0.039491	0.64947
1440.000000	75.000000	4.3144522	154.92429	0.0260044	0.425099
1445.000000	75.000000	4.3234668	154.9581	0.0183868	0.30422
1450.000000	75.000000	4.3149056	155.08359	0.0173794	0.287795
1455.000000	75.000000	4.3044758	155.44992	0.0239595	0.397864
1460.000000	75.000000	4.2960329	155.58586	0.0142391	0.238027
1465.000000	75.000000	4.2787309	155.81259	0.0211221	0.35514
1470.000000	75.000000	4.2625046	156.03781	0.0217158	0.351449
1475.000000	75.000000	4.2536492	156.13756	0.0211156	0.344363
1480.000000	75.000000	4.2475071	156.24323	0.0216524	0.354672
1485.000000	75.000000	4.2335424	156.32439	0.0228326	0.37502
1490.000000	75.000000	4.2213802	156.58582	0.0223435	0.368292
1495.000000	75.000000	4.2013149	156.71666	0.0226634	0.374855
1500.000000	75.000000	4.1845202	156.98906	0.0244866	0.406348
1505.000000	75.000000	4.1698036	157.02864	0.0224097	0.373066
1510.000000	75.000000	4.1571255	157.13641	0.0235536	0.39406
1515.000000	75.000000	4.1400499	157.33633	0.0229721	0.386143
1520.000000	75.000000	4.1245346	157.37021	0.0220218	0.370698
1525.000000	75.000000	4.112761	157.37923	0.0216313	0.365517
1530.000000	75.000000	4.102427	157.52377	0.0214107	0.363175
1535.000000	75.000000	4.0909963	157.75775	0.0209734	0.356784
1540.000000	75.000000	4.0927687	157.88385	0.0208246	0.356569
1545.000000	75.000000	4.0895076	158.10817	0.0197951	0.340446
1550.000000	75.000000	4.081614	158.32689	0.0202072	0.348667
1555.000000	75.000000	4.0753517	158.45863	0.0219653	0.363819
1560.000000	75.000000	4.0604234	158.78484	0.0236055	0.39209
1565.000000	75.000000	4.0444465	159.17746	0.0211268	0.352919
1570.000000	75.000000	4.0218148	159.46614	0.0229079	0.384339
1575.000000	75.000000	4.0024939	159.79358	0.0234019	0.394717
1580.000000	75.000000	3.9814508	160.03603	0.0236778	0.40129
1585.000000	75.000000	3.973134	160.16141	0.0203882	0.348207
1590.000000	75.000000	3.9749455	160.3555	0.0207386	0.357292
1595.000000	75.000000	3.9948809	160.56815	0.0199971	0.349442
1600.000000	75.000000	4.0419278	160.90791	0.0206178	0.367744
1605.000000	75.000000	4.1103587	161.36131	0.019452	0.356111
1610.000000	75.000000	4.1763763	161.54559	0.0215282	0.402131
1615.000000	75.000000	4.2488713	161.8277	0.0167836	0.32084
1620.000000	75.000000	4.3336248	162.16689	0.0200023	0.391482
1625.000000	75.000000	4.4203205	162.49037	0.019552	0.39205
1630.000000	75.000000	4.5080719	162.89029	0.0196709	0.404069
1635.000000	75.000000	4.5905666	163.22946	0.0196712	0.413943
1640.000000	75.000000	4.6764264	163.4803	0.0222004	0.456482
1645.000000	75.000000	4.7649684	163.87326	0.0215139	0.451999
1650.000000	75.000000	4.84515	164.23772	0.0182941	0.39228
1655.000000	75.000000	4.9394684	164.67494	0.0205243	0.449404
1660.000000	75.000000	5.0206642	164.93643	0.0152596	0.340642
1665.000000	75.000000	5.1213055	165.56468	0.0182297	0.416294
1670.000000	75.000000	5.2071095	165.82138	0.013919	0.32436
1675.000000	75.000000	5.2955832	166.32179	0.0188381	0.447238
1680.000000	75.000000	5.3607569	166.45619	0.0195527	0.472575
1685.000000	75.000000	5.4303803	166.93341	0.0168755	0.414948
1690.000000	75.000000	5.5121288	167.40279	0.0234649	0.589591
1695.000000	75.000000	5.602952	168.63124	0.0172553	0.438371
1700.000000	75.000000	5.6626225	168.10555	0.0161067	0.516116
300.000000	77.000000	27.452467	91.279701	0.0426836	0.124623
305.000000	77.000000	26.472265	90.641464	0.0400038	0.118792
310.000000	77.000000	25.683039	90.147545	0.0489414	0.148092
315.000000	77.000000	25.036507	89.650803	0.0405117	0.123905
320.000000	77.000000	24.523956	89.318199	0.0448383	0.14535
325.000000	77.000000	24.054607	89.077103	0.0446461	0.145646
330.000000	77.000000	23.63401	88.948486	0.0438681	0.143928
335.000000	77.000000	23.249374	88.883682	0.0436778	0.144527
340.000000	77.000000	22.864634	88.881256	0.0423534	0.141067
345.000000	77.000000	22.524944	88.941689	0.0421807	0.141182
350.000000	77.000000	22.198097	89.057564	0.0437431	0.147699
355.000000	77.000000	21.876308	89.234756	0.0395595	0.134427
360.000000	77.000000	21.534672	89.475021	0.0447258	0.160267
365.000000	77.000000	21.184822	89.68502	0.0445495	0.160543
370.000000	77.000000	20.84762	90.034584	0.0440888	0.160722
375.000000	77.000000	20.486324	90.1716	0.0424087	0.155588
380.000000	77.000000	20.115263	90.250496	0.0443207	0.164061
385.000000	77.000000	19.752165	90.22052	0.0450577	0.168605
390.000000	77.000000	19.401224	90.070122	0.0432884	0.163555
395.000000	77.000000	19.081305	89.878113	0.0404319	0.154581
400.000000	77.000000	18.816692	89.441757	0.0452615	0.174184
405.000000	77.000000	18.617605	88.950844	0.0446411	0.179991
410.000000	77.000000	18.482094	88.571198	0.0449731	0.181905
415.000000	77.000000	18.408167	88.155357	0.0439434	0.177185
420.000000	77.000000	18.372414	87.956596	0.045661	0.183998
425.000000	77.000000	18.368904	87.742744	0.0454284	0.18174
430.000000	77.000000	18.389921	87.758003	0.0452038	0.179903
435.000000	77.000000	18.417679	87.919563	0.0453508	0.17957
440.000000	77.000000	18.448158	88.216362	0.0440657	0.173598
445.000000	77.000000	18.478659	88.605598	0.0430305	0.168736
450.000000	77.000000	18.50474	89.013962	0.0435805	0.176773
455.000000	77.000000	18.518644	89.508026	0.0436316	0.175974
460.000000	77.000000	18.529905	90.173332	0.0426927	0.1718
465.000000	77.000000	18.538616	90.870186	0.0393149	0.15739
470.000000	77.000000	18.541479	91.546822	0.0413744	0.164914
475.000000	77.000000	18.540056	92.25885	0.0404129	0.160344
480.000000	77.000000	18.534979	93.205009	0.0393474	0.155948
485.000000	77.000000	18.522074	94.055374	0.0401385	0.158659
490.000000	77.000000	18.509445	94.995941	0.0414025	0.163426
495.000000	77.000000	18.486599	95.988281	0.0396209	0.156426
500.000000	77.000000	18.462395	96.988144	0.0383285	0.156742
505.000000	77.000000	18.428135	98.039536	0.0387234	0.158079
510.000000	77.000000	18.394709	99.375763	0.0347349	0.142319
515.000000	77.000000	18.346357	100.70147	0.0342562	0.140637
520.000000	77.000000	18.264629	102.25665	0.0359347	0.148478
525.000000	77.000000	18.114088	104.05373	0.0316832	0.132657
530.000000	77.000000	17.877657	105.85983	0.0304529	0.129992
535.000000	77.000000	17.547319	107.4706	0.0284901	0.124806
540.000000	77.000000	17.178953	108.81373	0.0273117	0.122699
545.000000	77.000000	16.804316	109.96344	0.0280907	0.129542
550.000000	77.000000	16.477585	110.90485	0.0284582	0.134826
555.000000	77.000000	16.235855	111.53268	0.030855	0.149049
560.000000	77.000000	16.055979	112.49442	0.0264969	0.129981
565.000000	77.000000	15.939199	113.56274	0.0244608	0.121461
570.000000	77.000000	15.835649	115.03119	0.022608	0.113917
575.000000	77.000000	15.684844	116.96548	0.0224931	0.115831
580.000000	77.000000	15.442285	119.15723	0.0218518	0.116347
585.000000	77.000000	15.041114	121.4867	0.0189003	0.104961
590.000000	77.000000	14.545861	123.4423	0.0204913	0.118977
595.000000	77.000000	13.946711	125.3554	0.0173185	0.106721
600.000000	77.000000	13.335945	126.61006	0.0233079	0.151012
605.000000	77.000000	12.757687	127.56815	0.0189613	0.12591
610.000000	77.000000	12.21442	128.23035	0.0177336	0.123081
615.000000	77.000000	11.682759	128.65175	0.0172808	0.12613
620.000000	77.000000	11.221198	128.82346	0.0167905	0.127387
625.000000	77.000000	10.794533	128.9823	0.0137667	0.108363
630.000000	77.000000	10.3922	128.9017	0.0145123	0.119498
635.000000	77.000000	10.039296	128.74948	0.0175147	0.14889
640.000000	77.000000	9.6871576	128.66641	0.0159079	0.139785
645.000000	77.000000	9.3858967	128.45711	0.0136368	0.1232
650.000000	77.000000	9.0995703	128.21272	0.0120657	0.111971
655.000000	77.000000	8.840764	127.88739	0.0128985	0.122379
660.000000	77.000000	8.5932922	127.48512	0.0163555	0.158317
665.000000	77.000000	8.358592	127.12722	0.0169465	0.162556
670.000000	77.000000	8.1402636	126.82649	0.0121908	0.11915
675.000000	77.000000	7.9327579	126.47083	0.0128317	0.127645
680.000000	77.000000	7.7365432	126.08681	0.0119782	0.120998
685.000000	77.000000	7.5565047	125.62489	0.0132654	0.135869
690.000000	77.000000	7.3808017	125.15657	0.0164805	0.170871
695.000000	77.000000	7.2208738	124.85735	0.0123477	0.129734
700.000000	77.000000	7.058589	124.47597	0.0101092	0.107466
705.000000	77.000000	6.9099045	124.01888	0.0116729	0.125263
710.000000	77.000000	6.7552962	123.58787	0.0101112	0.109711
715.000000	77.000000	6.6232123	123.13841	0.0135674	0.148493
720.000000	77.000000	6.4993153	122.70139	0.0114554	0.126262
725.000000	77.000000	6.3710032	122.32412	0.0109589	0.121727
730.000000	77.000000	6.2449522	121.73306	0.0135854	0.149236
735.000000	77.000000	6.1333184	121.29723	0.0144059	0.159126
740.000000	77.000000	6.0134759	120.89656	0.010727	0.119527
745.000000	77.000000	5.9124918	120.5126	0.00831732	0.0932968
750.000000	77.000000	5.8077669	120.00249	0.012742	0.143576
755.000000	77.000000	5.7106519	119.63432	0.0111199	0.131349
760.000000	77.000000	5.6129251	119.05845	0.0143115	0.169736
765.000000	77.000000	5.5201578	118.62685	0.0147872	0.176573
770.000000	77.000000	5.4422073	118.31445	0.0120358	0.144376
775.000000	77.000000	5.3500757	117.80795	0.0113651	0.136895
780.000000	77.000000	5.265132	117.30205	0.0130339	0.156982
785.000000	77.000000	5.1885118	116.85742	0.0116883	0.141305
790.000000	77.000000	5.1121426	116.33035	0.0153928	0.185636
795.000000	77.000000	5.0364327	115.93778	0.0141111	0.170693
800.000000	77.000000	4.9692268	115.4753	0.0149657	0.181552
805.000000	77.000000	4.8978353	115.1168	0.0105641	0.128607
810.000000	77.000000	4.8293157	114.57503	0.0131164	0.160094
815.000000	77.000000	4.7626119	114.23701	0.00837978	0.102438
820.000000	77.000000	4.6918917	113.66032	0.0117336	0.144137
825.000000	77.000000	4.6495752	113.37384	0.00953044	0.117247
830.000000	77.000000	4.5967674	112.99037	0.0098433	0.121105
835.000000	77.000000	4.5304923	112.44479	0.0115517	0.142225
840.000000	77.000000	4.4744611	112.03864	0.00997185	0.122843
845.000000	77.000000	4.4266796	111.70035	0.0128767	0.158507
850.000000	77.000000	4.3665442	111.2111	0.0118353	0.145516
855.000000	77.000000	4.3116961	110.6581	0.0137326	0.169313
860.000000	77.000000	4.2623477	110.27092	0.0129166	0.159659
865.000000	77.000000	4.2146487	109.93017	0.0115167	0.142594
870.000000	77.000000	4.1701789	109.4702	0.0127646	0.15833
875.000000	77.000000	4.1255956	109.08662	0.01155	0.143312
880.000000	77.000000	4.0728726	108.63095	0.0112214	0.139501
885.000000	77.000000	4.0492458	108.36139	0.0118476	0.14692
890.000000	77.000000	4.0042553	107.93725	0.00963771	0.119495
895.000000	77.000000	3.9555199	107.5406	0.0100806	0.125188
900.000000	77.000000	3.9236228	107.18571	0.0116051	0.143786
905.000000	77.000000	3.8756614	106.68245	0.0125904	0.155816
910.000000	77.000000	3.8465965	106.34332	0.0112963	0.139615
915.000000	77.000000	3.7958038	105.90479	0.0114431	0.141581
920.000000	77.000000	3.7751737	105.56828	0.0135221	0.169067
925.000000	77.000000	3.7348142	105.16225	0.0110454	0.138185
930.000000	77.000000	3.7029088	104.84122	0.0116353	0.145584
935.000000	77.000000	3.6657071	104.3839	0.0151601	0.189143
940.000000	77.000000	3.6314981	103.98682	0.0112919	0.140978
945.000000	77.000000	3.6031747	103.74231	0.0110104	0.137339
950.000000	77.000000	3.565022	103.34204	0.0105204	0.131081
955.000000	77.000000	3.5371668	102.93362	0.0126478	0.157152
960.000000	77.000000	3.5090451	102.63343	0.00965004	0.119748
965.000000	77.000000	3.4773593	102.21003	0.0126942	0.157449
970.000000	77.000000	3.4450061	101.81023	0.0114605	0.142101
975.000000	77.000000	3.4193325	101.53935	0.00895228	0.110924
980.000000	77.000000	3.3867185	101.13356	0.0124832	0.154407
985.000000	77.000000	3.3683114	100.89893	0.0121288	0.149861
990.000000	77.000000	3.3309047	100.36484	0.0122782	0.154892
995.000000	77.000000	3.3151412	100.19666	0.0111352	0.140252
1000.000000	77.000000	3.2910924	99.814911	0.0117526	0.147794
1005.000000	77.000000	3.2625153	99.452675	0.012699	0.159144
1010.000000	77.000000	3.242157	99.204742	0.0146934	0.184233
1015.000000	77.000000	3.2047126	98.803909	0.0140992	0.176857
1020.000000	77.000000	3.181951	98.524765	0.0149461	0.187147
1025.000000	77.000000	3.155818	98.062714	0.0151003	0.188534
1030.000000	77.000000	3.1387808	97.804619	0.00923269	0.115329
1035.000000	77.000000	3.1067169	97.440979	0.00962444	0.119912
1040.000000	77.000000	3.0970333	97.127411	0.0233849	0.290886
1045.000000	77.000000	3.0652337	96.958221	0.0119335	0.148905
1050.000000	77.000000	3.0407624	96.768501	0.0225332	0.278788
1055.000000	77.000000	3.0177691	96.205391	0.00859455	0.106622
1060.000000	77.000000	3.0008919	95.923233	0.0102961	0.127536
1065.000000	77.000000	2.9766591	95.665977	0.00936627	0.11589
1070.000000	77.000000	2.9477606	95.251495	0.0110974	0.140382
1075.000000	77.000000	2.9256361	94.979393	0.0107637	0.13623
1080.000000	77.000000	2.9039469	94.62149	0.00997188	0.126257
1085.000000	77.000000	2.8882332	94.3713	0.00943528	0.119289
1090.000000	77.000000	2.8675187	94.142319	0.0101391	0.127654
1095.000000	77.000000	2.8426127	93.855209	0.0104154	0.13094
1100.000000	77.000000	2.815403	93.590004	0.00923856	0.116004
1105.000000	77.000000	2.789423	93.17572	0.010192	0.1283
1110.000000	77.000000	2.7699902	92.876198	0.0107604	0.135277
1115.000000	77.000000	2.7543919	92.633972	0.0102441	0.12858
1120.000000	77.000000	2.7368493	92.39299	0.010476	0.131178
1125.000000	77.000000	2.7137899	92.083847	0.0100882	0.126167
1130.000000	77.000000	2.6897156	91.747322	0.00848643	0.105974
1135.000000	77.000000	2.668499	91.458397	0.0100071	0.124904
1140.000000	77.000000	2.6492634	91.102631	0.010252	0.13126
1145.000000	77.000000	2.6241891	90.792847	0.00926578	0.118516
1150.000000	77.000000	2.6048176	90.470222	0.0117896	0.150479
1155.000000	77.000000	2.5851471	90.195564	0.00794504	0.101277
1160.000000	77.000000	2.5675733	89.804558	0.0100708	0.128485
1165.000000	77.000000	2.5486825	89.394447	0.00955156	0.121998
1170.000000	77.000000	2.530072	88.934418	0.0092865	0.118748
1175.000000	77.000000	2.5122018	88.574417	0.00886236	0.113149
1180.000000	77.000000	2.5004473	88.355461	0.00830325	0.105899
1185.000000	77.000000	2.4871347	88.044846	0.00908416	0.115537
1190.000000	77.000000	2.4732203	87.688072	0.00919534	0.116913
1195.000000	77.000000	2.4502854	87.284073	0.00886534	0.112429
1200.000000	77.000000	2.4349849	86.903206	0.0095557	0.121106
1205.000000	77.000000	2.4186561	86.444458	0.00892502	0.113162
1210.000000	77.000000	2.3991647	86.077675	0.00898085	0.113506
1215.000000	77.000000	2.3888466	85.740555	0.00889111	0.112526
1220.000000	77.000000	2.3733804	85.401489	0.00829711	0.107432
1225.000000	77.000000	2.3584595	85.068512	0.012672	0.163859
1230.000000	77.000000	2.3483882	84.762672	0.0107036	0.138283
1235.000000	77.000000	2.3386972	84.450188	0.0151459	0.19516
1240.000000	77.000000	2.3260484	83.990524	0.0187227	0.242297
1245.000000	77.000000	2.3175912	83.651054	0.018189	0.235489
1250.000000	77.000000	2.2988107	83.101357	0.0236426	0.305148
1255.000000	77.000000	2.2864537	82.716652	0.00779295	0.107471
1260.000000	77.000000	2.2661822	82.496223	0.00933434	0.120774
1265.000000	77.000000	2.2650247	82.07972	0.00898857	0.116527
1270.000000	77.000000	2.2574556	82.009766	0.00827338	0.106903
1275.000000	77.000000	2.2436726	81.668205	0.00640506	0.0826608
1280.000000	77.000000	2.2348359	81.337036	0.0125256	0.161702
1285.000000	77.000000	2.2189498	80.997597	0.0109679	0.141474
1290.000000	77.000000	2.2108696	80.703957	0.0130256	0.168178
1295.000000	77.000000	2.1998417	80.466125	0.00884617	0.116619
1300.000000	77.000000	2.1850238	80.140045	0.0104283	0.137351
1305.000000	77.000000	2.1756074	79.857346	0.00611544	0.0804724
1310.000000	77.000000	2.1581473	79.527298	0.00456009	0.0811765
1315.000000	77.000000	2.1616983	79.189537	0.0137761	0.181633
1320.000000	77.000000	2.1412914	78.979828	0.0179795	0.235934
1325.000000	77.000000	2.1307731	78.668175	0.0184618	0.243569
1330.000000	77.000000	2.138175	78.415123	0.019401	0.256295
1335.000000	77.000000	2.0971472	78.171875	0.017551	0.229639
1340.000000	77.000000	2.0877957	77.979813	0.0171787	0.238794
1345.000000	77.000000	2.1482151	77.781288	0.0415555	0.548651
1350.000000	77.000000	2.0470214	76.777031	0.0797066	1.01705
1355.000000	77.000000	2.0755024	76.891891	0.0797	1.0465
1430.000000	77.000000	1.9536498	73.365631	0.0856457	1.17558
1435.000000	77.000000	1.9227427	73.621925	0.0799606	1.08493
1440.000000	77.000000	1.8955907	73.722809	0.0593317	0.806476
1445.000000	77.000000	1.8990902	73.390236	0.0405274	0.55073
1450.000000	77.000000	1.8600618	72.422729	0.0304461	0.414623
1455.000000	77.000000	1.85605	72.416031	0.019447	0.265286
1460.000000	77.000000	1.8455011	72.06385	0.0181895	0.248479
1465.000000	77.000000	1.8349308	71.709045	0.0122084	0.167684
1470.000000	77.000000	1.8194617	71.273857	0.00620664	0.094535
1475.000000	77.000000	1.8085968	70.924156	0.00912451	0.127626
1480.000000	77.000000	1.8020345	70.677696	0.0107854	0.150984
1485.000000	77.000000	1.7851802	70.427284	0.00822325	0.114928
1490.000000	77.000000	1.7799513	69.910477	0.00987827	0.138968
1495.000000	77.000000	1.7600845	69.505463	0.0110231	0.15462
1500.000000	77.000000	1.7444164	68.908386	0.0071353	0.100506
1505.000000	77.000000	1.7415634	68.40741	0.0113393	0.160943
1510.000000	77.000000	1.7197245	67.828102	0.00896065	0.12682
1515.000000	77.000000	1.7122021	67.501816	0.0156949	0.223053
1520.000000	77.000000	1.7107065	66.957924	0.0133139	0.190057
1525.000000	77.000000	1.69897	66.442451	0.0114035	0.162966
1530.000000	77.000000	1.6973662	66.093338	0.0121924	0.174935
1535.000000	77.000000	1.690412	65.879654	0.0138525	0.199004
1540.000000	77.000000	1.6761423	65.588783	0.00861406	0.124312
1545.000000	77.000000	1.6696573	65.550507	0.0119793	0.173597
1550.000000	77.000000	1.6571498	65.322906	0.00844589	0.12274
1555.000000	77.000000	1.636102	65.001366	0.0104665	0.152167
1560.000000	77.000000	1.6215026	64.454056	0.0119784	0.175931
1565.000000	77.000000	1.5918071	63.810093	0.0102192	0.149357
1570.000000	77.000000	1.5612583	63.13448	0.00872494	0.12782
1575.000000	77.000000	1.5652506	61.929745	0.0124435	0.185436
1580.000000	77.000000	1.5454959	61.119244	0.0148442	0.221114
1585.000000	77.000000	1.5875921	60.275974	0.0120487	0.186762
1590.000000	77.000000	1.6802826	59.128311	0.0173805	0.289827
1595.000000	77.000000	1.8140025	58.199932	0.0139069	0.252356
1600.000000	77.000000	2.0264311	56.748127	0.0114751	0.23345
1605.000000	77.000000	2.2788723	55.293854	0.0101578	0.235563
1610.000000	77.000000	2.5036619	53.833538	0.0058947	0.15129
1615.000000	77.000000	2.712647	52.714737	0.00802131	0.224356
1620.000000	77.000000	2.9382772	51.298206	0.00575901	0.175546
1625.000000	77.000000	3.1581264	49.841286	0.00787244	0.258063
1630.000000	77.000000	3.3750119	48.344475	0.00937933	0.330195
1635.000000	77.000000	3.5704954	46.965229	0.00631018	0.235702
1640.000000	77.000000	3.7598062	45.332603	0.00814777	0.313279
1645.000000	77.000000	3.9385176	44.096622	0.0113002	0.454726
1650.000000	77.000000	4.1185198	42.473194	0.00656498	0.277172
1655.000000	77.000000	4.2940249	41.111954	0.00838722	0.370785
1660.000000	77.000000	4.4603953	40.07774	0.0127508	0.586759
1665.000000	77.000000	4.6283994	38.505852	0.0082592	0.396135
1670.000000	77.000000	4.8000417	36.616055	0.0112082	0.554549
1675.000000	77.000000	4.9630933	35.423008	0.00874412	0.448494
1680.000000	77.000000	5.0697165	34.461018	0.0103386	0.540183
1685.000000	77.000000	5.198853	33.176041	0.0147206	0.781096
1690.000000	77.000000	5.3486848	31.670956	0.0138935	0.757463
1695.000000	77.000000	5.4770937	30.13665	0.017281	0.993361
1700.000000	77.000000	5.631897	28.99288	0.0332782	1.87566
300.000000	79.000000	27.701368	78.837929	0.0484603	0.144126
305.000000	79.000000	26.792988	77.951286	0.0433589	0.131686
310.000000	79.000000	26.048615	77.114769	0.0432039	0.133682
315.000000	79.000000	25.454254	76.45372	0.0397354	0.125455
320.000000	79.000000	24.95879	75.972733	0.0480761	0.158009
325.000000	79.000000	24.527367	75.601288	0.0431473	0.143307
330.000000	79.000000	24.129257	75.327164	0.0459519	0.1542
335.000000	79.000000	23.727686	75.0345	0.0462545	0.156677
340.000000	79.000000	23.404863	74.909386	0.0452758	0.154766
345.000000	79.000000	23.065403	74.796791	0.042219	0.145552
350.000000	79.000000	22.739807	74.749428	0.0429029	0.149063
355.000000	79.000000	22.39959	74.706177	0.0448705	0.157516
360.000000	79.000000	22.05163	74.770409	0.0499493	0.181283
365.000000	79.000000	21.710022	74.868057	0.0437437	0.160243
370.000000	79.000000	21.371559	74.909584	0.0438558	0.161912
375.000000	79.000000	20.994261	74.862198	0.0487163	0.18208
380.000000	79.000000	20.647133	74.734573	0.0444589	0.167966
385.000000	79.000000	20.304359	74.470825	0.044801	0.171366
390.000000	79.000000	19.969477	74.156158	0.0431371	0.167683
395.000000	79.000000	19.669258	73.710716	0.0392162	0.154309
400.000000	79.000000	19.454025	73.142242	0.0459069	0.182547
405.000000	79.000000	19.289949	72.614891	0.0465544	0.189837
410.000000	79.000000	19.210163	72.107605	0.0470676	0.193271
415.000000	79.000000	19.156219	71.704933	0.0448551	0.184335
420.000000	79.000000	19.139404	71.432068	0.0488258	0.200613
425.000000	79.000000	19.142179	71.358025	0.0372589	0.153029
430.000000	79.000000	19.16572	71.312027	0.048952	0.200291
435.000000	79.000000	19.186728	71.452652	0.0515269	0.2103
440.000000	79.000000	19.197464	71.727913	0.0478985	0.194861
445.000000	79.000000	19.205164	72.107895	0.0449829	0.182239
450.000000	79.000000	19.189392	72.586296	0.0473567	0.194611
455.000000	79.000000	19.169476	73.087212	0.0435907	0.17825
460.000000	79.000000	19.14345	73.649254	0.0425929	0.173706
465.000000	79.000000	19.101212	74.295898	0.0416432	0.169244
470.000000	79.000000	19.058451	74.920433	0.0447588	0.181175
475.000000	79.000000	19.007547	75.602814	0.0437945	0.176301
480.000000	79.000000	18.935829	76.455376	0.0421005	0.169223
485.000000	79.000000	18.865685	77.284668	0.0428973	0.171816
490.000000	79.000000	18.784094	78.189949	0.0424948	0.169645
495.000000	79.000000	18.692797	79.083511	0.0427974	0.170208
500.000000	79.000000	18.601135	80.060844	0.0385758	0.157744
505.000000	79.000000	18.488094	81.140831	0.0393253	0.16033
510.000000	79.000000	18.358601	82.393585	0.0403766	0.164697
515.000000	79.000000	18.215334	83.645432	0.0385423	0.156876
520.000000	79.000000	18.010113	85.194305	0.0392342	0.16083
525.000000	79.000000	17.725489	86.853935	0.038041	0.15707
530.000000	79.000000	17.367443	88.304222	0.0354692	0.148019
535.000000	79.000000	16.927919	89.662491	0.0352053	0.149468
540.000000	79.000000	16.476086	90.652718	0.0370972	0.160912
545.000000	79.000000	16.026297	91.49054	0.0352431	0.156504
550.000000	79.000000	15.648348	92.069725	0.0329434	0.148756
555.000000	79.000000	15.334376	92.604927	0.0340114	0.162088
560.000000	79.000000	15.086665	93.233582	0.0340791	0.164129
565.000000	79.000000	14.889184	94.20134	0.0301835	0.146713
570.000000	79.000000	14.674235	95.685356	0.0287476	0.141597
575.000000	79.000000	14.372949	97.472237	0.0299027	0.149771
580.000000	79.000000	13.951186	99.513161	0.0312172	0.161922
585.000000	79.000000	13.381048	101.47018	0.026675	0.144271
590.000000	79.000000	12.720378	103.09627	0.023944	0.135885
595.000000	79.000000	12.012298	104.0729	0.0253678	0.153218
600.000000	79.000000	11.30195	104.55797	0.0255131	0.162485
605.000000	79.000000	10.634928	104.47598	0.0259469	0.179291
610.000000	79.000000	10.06121	104.08585	0.0236943	0.171183
615.000000	79.000000	9.5491619	103.31845	0.0231675	0.176151
620.000000	79.000000	9.0898209	102.31741	0.0220776	0.174294
625.000000	79.000000	8.6909189	101.11569	0.0213451	0.173533
630.000000	79.000000	8.336132	99.875069	0.0212867	0.177675
635.000000	79.000000	8.0302038	98.507912	0.0224558	0.191208
640.000000	79.000000	7.733376	97.04554	0.0233028	0.20265
645.000000	79.000000	7.4882932	95.601028	0.022779	0.201483
650.000000	79.000000	7.2649722	94.128014	0.0216933	0.194582
655.000000	79.000000	7.0701756	92.62603	0.0212631	0.193107
660.000000	79.000000	6.8903174	91.133286	0.0223555	0.205628
665.000000	79.000000	6.7252121	89.648552	0.0221881	0.21351
670.000000	79.000000	6.5798979	88.11631	0.0214761	0.208495
675.000000	79.000000	6.4477186	86.647964	0.0224939	0.220681
680.000000	79.000000	6.3290086	85.133377	0.0214439	0.212467
685.000000	79.000000	6.2197857	83.635551	0.0221691	0.221649
690.000000	79.000000	6.1233864	82.215225	0.0208552	0.210526
695.000000	79.000000	6.0374932	80.848251	0.0224753	0.228925
700.000000	79.000000	5.954762	79.387054	0.021952	0.225657
705.000000	79.000000	5.8868771	78.049675	0.0225074	0.233671
710.000000	79.000000	5.8185773	76.577003	0.0225916	0.237083
715.000000	79.000000	5.7614985	75.280518	0.0224237	0.237787
720.000000	79.000000	5.7115226	74.064011	0.0211114	0.225935
725.000000	79.000000	5.6668296	72.709503	0.022873	0.247562
730.000000	79.000000	5.6215882	71.440918	0.0229986	0.254156
735.000000	79.000000	5.5850401	70.258331	0.0220833	0.246151
740.000000	79.000000	5.5495157	68.92173	0.0250887	0.282468
745.000000	79.000000	5.5197992	67.808388	0.0229906	0.261014
750.000000	79.000000	5.4953694	66.676605	0.0229498	0.262923
755.000000	79.000000	5.4711699	65.57077	0.0247449	0.286025
760.000000	79.000000	5.4529939	64.470169	0.0236317	0.275722
765.000000	79.000000	5.4346123	63.407478	0.0250083	0.295059
770.000000	79.000000	5.4184003	62.545753	0.0231494	0.274753
775.000000	79.000000	5.4081416	61.410873	0.0239591	0.287393
780.000000	79.000000	5.3954706	60.45657	0.0237495	0.286926
785.000000	79.000000	5.3907452	59.523663	0.0234238	0.285651
790.000000	79.000000	5.3785944	58.596977	0.0248805	0.302181
795.000000	79.000000	5.3726196	57.689121	0.0246295	0.301257
800.000000	79.000000	5.3677173	56.86557	0.0260594	0.321027
805.000000	79.000000	5.365169	56.07074	0.0265093	0.328514
810.000000	79.000000	5.3645172	55.165127	0.0238292	0.297725
815.000000	79.000000	5.3655663	54.371952	0.0211241	0.266122
820.000000	79.000000	5.3636398	53.396751	0.0236395	0.302278
825.000000	79.000000	5.363668	52.997292	0.0224721	0.288565
830.000000	79.000000	5.3639235	52.398617	0.0249747	0.322572
835.000000	79.000000	5.3661485	51.512463	0.0258342	0.336611
840.000000	79.000000	5.3702788	50.828617	0.0253541	0.332467
845.000000	79.000000	5.3717389	50.243031	0.0245794	0.323372
850.000000	79.000000	5.3786244	49.505424	0.0256938	0.338915
855.000000	79.000000	5.3869014	48.803867	0.0275578	0.354991
860.000000	79.000000	5.3818302	48.242146	0.0236105	0.305876
865.000000	79.000000	5.3906107	47.583321	0.0262102	0.342533
870.000000	79.000000	5.3945899	47.01598	0.0263019	0.346705
875.000000	79.000000	5.4003487	46.474712	0.024347	0.323184
880.000000	79.000000	5.4089208	45.727589	0.0237635	0.319013
885.000000	79.000000	5.4105897	45.527618	0.0243633	0.328117
890.000000	79.000000	5.4192767	44.888191	0.0242924	0.329139
895.000000	79.000000	5.4258075	44.2612	0.0238823	0.325874
900.000000	79.000000	5.4317865	43.878536	0.0255204	0.349763
905.000000	79.000000	5.4398131	43.272854	0.0242371	0.334629
910.000000	79.000000	5.4462738	42.882107	0.0241704	0.335046
915.000000	79.000000	5.4526777	42.230652	0.0241961	0.338191
920.000000	79.000000	5.4568233	42.107277	0.026717	0.36023
925.000000	79.000000	5.4625816	41.591888	0.0255638	0.345702
930.000000	79.000000	5.47121	41.073132	0.0255627	0.346782
935.000000	79.000000	5.4817629	40.648888	0.0236528	0.321685
940.000000	79.000000	5.4868751	40.191513	0.0247247	0.338212
945.000000	79.000000	5.4907303	39.857567	0.0244776	0.336434
950.000000	79.000000	5.4986043	39.424496	0.025227	0.348954
955.000000	79.000000	5.505517	39.034714	0.0257715	0.358475
960.000000	79.000000	5.5163021	38.699501	0.0265003	0.369175
965.000000	79.000000	5.5211163	38.244804	0.0238261	0.333268
970.000000	79.000000	5.5305934	37.867535	0.0229054	0.323042
975.000000	79.000000	5.5350046	37.478786	0.0244439	0.347211
980.000000	79.000000	5.5384126	37.084522	0.0235919	0.337531
985.000000	79.000000	5.5459018	36.887119	0.0238019	0.341331
990.000000	79.000000	5.5517116	36.400898	0.0256559	0.354633
995.000000	79.000000	5.5576601	36.23428	0.0264476	0.367035
1000.000000	79.000000	5.5624957	35.891754	0.0264864	0.367673
1005.000000	79.000000	5.573081	35.605221	0.0227133	0.315461
1010.000000	79.000000	5.5774097	35.245098	0.0253541	0.353188
1015.000000	79.000000	5.5838027	34.82592	0.0251306	0.353057
1020.000000	79.000000	5.5842681	34.56559	0.0229043	0.322209
1025.000000	79.000000	5.5948563	34.205673	0.0274291	0.386409
1030.000000	79.000000	5.6000333	33.932991	0.026463	0.373908
1035.000000	79.000000	5.605361	33.541042	0.0246913	0.35097
1040.000000	79.000000	5.6117535	33.290657	0.0251268	0.358103
1045.000000	79.000000	5.6107526	33.039612	0.0238001	0.340792
1050.000000	79.000000	5.6232285	32.699017	0.0246457	0.354471
1055.000000	79.000000	5.6329136	32.455009	0.0183502	0.267913
1060.000000	79.000000	5.636857	32.2355	0.0172836	0.25338
1065.000000	79.000000	5.6396966	31.961624	0.0197933	0.291343
1070.000000	79.000000	5.645082	31.6569	0.0213265	0.30113
1075.000000	79.000000	5.6513171	31.327135	0.0197568	0.280135
1080.000000	79.000000	5.6554222	31.048294	0.0197668	0.281683
1085.000000	79.000000	5.6561484	30.829588	0.0210775	0.301638
1090.000000	79.000000	5.6600666	30.679186	0.0205768	0.295498
1095.000000	79.000000	5.6635284	30.398245	0.0210423	0.303316
1100.000000	79.000000	5.6667638	30.08699	0.0199213	0.288185
1105.000000	79.000000	5.6705012	29.661592	0.0190273	0.276668
1110.000000	79.000000	5.6765852	29.385454	0.0179859	0.262862
1115.000000	79.000000	5.6789985	29.234568	0.019025	0.279215
1120.000000	79.000000	5.6846776	29.038252	0.019495	0.287097
1125.000000	79.000000	5.6861033	28.791805	0.0195516	0.288907
1130.000000	79.000000	5.6907406	28.496906	0.0186918	0.27732
1135.000000	79.000000	5.6965566	28.221827	0.0181274	0.269986
1140.000000	79.000000	5.697649	28.015041	0.0220283	0.313991
1145.000000	79.000000	5.7002912	27.763973	0.0215496	0.308315
1150.000000	79.000000	5.7056794	27.497972	0.0205905	0.295797
1155.000000	79.000000	5.7086844	27.268763	0.0203795	0.293747
1160.000000	79.000000	5.7151432	26.984924	0.0202634	0.293221
1165.000000	79.000000	5.7219272	26.714203	0.020135	0.292558
1170.000000	79.000000	5.7275801	26.419186	0.0205633	0.300109
1175.000000	79.000000	5.7344661	26.1929	0.0202662	0.297056
1180.000000	79.000000	5.7385697	26.03023	0.0199204	0.293144
1185.000000	79.000000	5.7462101	25.879702	0.0197382	0.291254
1190.000000	79.000000	5.7536545	25.664606	0.0209886	0.31074
1195.000000	79.000000	5.7628913	25.440353	0.0207372	0.307944
1200.000000	79.000000	5.772644	25.253235	0.0202841	0.30179
1205.000000	79.000000	5.7748604	24.959179	0.0200195	0.299051
1210.000000	79.000000	5.7871513	24.773438	0.0190369	0.285284
1215.000000	79.000000	5.7886801	24.588543	0.0207792	0.312262
1220.000000	79.000000	5.7948041	24.449722	0.0224579	0.322498
1225.000000	79.000000	5.8017907	24.308706	0.0197653	0.284409
1230.000000	79.000000	5.8096662	24.104208	0.0214547	0.30935
1235.000000	79.000000	5.8142176	23.997259	0.0217832	0.314268
1240.000000	79.000000	5.818665	23.827559	0.0240825	0.346936
1245.000000	79.000000	5.8210011	23.524904	0.0226597	0.326973
1250.000000	79.000000	5.831811	23.381489	0.026027	0.376825
1255.000000	79.000000	5.8319006	23.148251	0.0192613	0.280133
1260.000000	79.000000	5.8508873	22.883404	0.0186314	0.273707
1265.000000	79.000000	5.8574142	22.769409	0.0193128	0.285302
1270.000000	79.000000	5.8567686	22.745714	0.0186412	0.276473
1275.000000	79.000000	5.862442	22.57823	0.0195573	0.290914
1280.000000	79.000000	5.8676195	22.480591	0.0212259	0.316035
1285.000000	79.000000	5.8726854	22.269117	0.0170131	0.253866
1290.000000	79.000000	5.8806338	22.117735	0.0192413	0.287921
1295.000000	79.000000	5.8817477	22.00485	0.0209789	0.300357
1300.000000	79.000000	5.8857808	21.80827	0.0201189	0.288882
1305.000000	79.000000	5.890976	21.693705	0.0220165	0.3168
1310.000000	79.000000	5.89609	21.524645	0.0214888	0.310183
1315.000000	79.000000	5.8973045	21.361933	0.0219722	0.318027
1320.000000	79.000000	5.9034872	21.259642	0.0220666	0.320071
1325.000000	79.000000	5.9094768	21.229015	0.0178915	0.259578
1330.000000	79.000000	5.9080596	21.026434	0.0212011	0.30805
1335.000000	79.000000	5.9243827	20.964703	0.0215841	0.314259
1340.000000	79.000000	5.908453	20.780045	0.0180836	0.263776
1345.000000	79.000000	5.9177985	20.868048	0.0294828	0.429681
1350.000000	79.000000	5.9168653	20.487732	0.0405259	0.594665
1355.000000	79.000000	5.9253888	20.079367	0.0257205	0.399655
1430.000000	79.000000	5.9039159	18.877691	0.0277142	0.407576
1435.000000	79.000000	5.9577961	18.385695	0.028631	0.423032
1440.000000	79.000000	5.953928	18.094326	0.0269699	0.399056
1445.000000	79.000000	5.932672	17.905476	0.0208419	0.310319
1450.000000	79.000000	5.9255877	17.938248	0.0186743	0.279333
1455.000000	79.000000	5.9354491	17.701237	0.0227533	0.341708
1460.000000	79.000000	5.9314113	17.513702	0.0199518	0.301058
1465.000000	79.000000	5.9374828	17.269253	0.0179005	0.271519
1470.000000	79.000000	5.9384236	17.055729	0.0209565	0.304977
1475.000000	79.000000	5.9424148	16.826433	0.0197943	0.289834
1480.000000	79.000000	5.9446263	16.737324	0.0211785	0.311156
1485.000000	79.000000	5.9465504	16.643091	0.0216505	0.318956
1490.000000	79.000000	5.948102	16.430365	0.0207204	0.305828
1495.000000	79.000000	5.9526258	16.238934	0.0205198	0.303481
1500.000000	79.000000	5.9591341	16.113729	0.0189522	0.280832
1505.000000	79.000000	5.9653764	15.874207	0.0207213	0.308
1510.000000	79.000000	5.9659491	15.701111	0.018854	0.280633
1515.000000	79.000000	5.9767213	15.586985	0.0197884	0.295322
1520.000000	79.000000	5.9843817	15.45292	0.0183579	0.274583
1525.000000	79.000000	5.9844613	15.318453	0.0217493	0.326398
1530.000000	79.000000	5.9927669	15.172235	0.0205854	0.309563
1535.000000	79.000000	5.9899874	15.122526	0.0189405	0.28554
1540.000000	79.000000	5.9904375	14.958824	0.0195682	0.296399
1545.000000	79.000000	5.9874811	14.829262	0.0185168	0.281681
1550.000000	79.000000	5.9817371	14.724871	0.0199453	0.304624
1555.000000	79.000000	5.9812813	14.535473	0.02311	0.337671
1560.000000	79.000000	5.9764729	14.26057	0.0219315	0.321451
1565.000000	79.000000	5.9774423	13.961467	0.0211484	0.310881
1570.000000	79.000000	5.9775939	13.717342	0.0217828	0.320814
1575.000000	79.000000	5.988595	13.416338	0.0203852	0.300811
1580.000000	79.000000	6.0053706	13.1599	0.0228861	0.338719
1585.000000	79.000000	6.0371418	12.900262	0.0205926	0.305905
1590.000000	79.000000	6.095264	12.664142	0.0198639	0.296284
1595.000000	79.000000	6.1764512	12.372022	0.021721	0.326537
1600.000000	79.000000	6.2935472	12.08461	0.0198378	0.300537
1605.000000	79.000000	6.4466619	11.758097	0.0213152	0.327399
1610.000000	79.000000	6.594099	11.421883	0.0197965	0.306898
1615.000000	79.000000	6.7366343	11.166225	0.0195459	0.305847
1620.000000	79.000000	6.8968854	10.851759	0.0216916	0.342672
1625.000000	79.000000	7.0718188	10.565995	0.0202324	0.322258
1630.000000	79.000000	7.2403178	10.217701	0.0183103	0.293776
1635.000000	79.000000	7.4066358	9.9197807	0.019917	0.322198
1640.000000	79.000000	7.5738297	9.6088247	0.0205315	0.318924
1645.000000	79.000000	7.7295814	9.2746572	0.0199653	0.311525
1650.000000	79.000000	7.8908529	8.9307013	0.0220287	0.34525
1655.000000	79.000000	8.0485992	8.743165	0.023501	0.370143
1660.000000	79.000000	8.2046328	8.3862934	0.0209967	0.332404
1665.000000	79.000000	8.3600645	8.0677462	0.0201118	0.320621
1670.000000	79.000000	8.5418291	7.7905736	0.0248066	0.395423
1675.000000	79.000000	8.6822433	7.4902296	0.0209272	0.3356
1680.000000	79.000000	8.8024683	7.1231728	0.0217816	0.350171
1685.000000	79.000000	8.9292498	6.9991074	0.0269599	0.43362
1690.000000	79.000000	9.084054	6.8716345	0.0200963	0.323691
1695.000000	79.000000	9.2460194	6.3457794	0.0386061	0.619619
1700.000000	79.000000	9.3639259	6.0289807	0.0627814	1.01425