2.250000000000000163e-07 2.426152999999999782e+00
2.300000000000000214e-07 2.453165999999999958e+00
2.350000000000000264e-07 2.456484999999999808e+00
2.400000000000000315e-07 2.456170999999999882e+00
2.450000000000000366e-07 2.473611000000000004e+00
2.500000000000000416e-07 2.517650999999999861e+00
2.549999999999999938e-07 2.586349999999999927e+00
2.599999999999999988e-07 2.674355999999999955e+00
2.650000000000000039e-07 2.777003999999999806e+00
2.700000000000000090e-07 2.891124000000000027e+00
2.750000000000000140e-07 3.014531999999999989e+00
2.800000000000000191e-07 3.145464000000000038e+00
2.850000000000000242e-07 3.280355000000000132e+00
2.900000000000000292e-07 3.414394000000000151e+00
2.950000000000000343e-07 3.538746999999999865e+00
3.000000000000000394e-07 3.639441000000000148e+00
3.050000000000000444e-07 3.697588000000000097e+00
3.099999999999999966e-07 3.694066999999999990e+00
3.150000000000000016e-07 3.619842999999999922e+00
3.200000000000000067e-07 3.485587000000000213e+00
3.250000000000000118e-07 3.318697999999999926e+00
3.300000000000000168e-07 3.147377000000000091e+00
3.350000000000000219e-07 2.987614999999999910e+00
3.400000000000000270e-07 2.842527000000000026e+00
3.450000000000000320e-07 2.711564000000000085e+00
3.500000000000000371e-07 2.595695000000000086e+00
3.550000000000000422e-07 2.497522000000000020e+00
3.600000000000000472e-07 2.418359999999999843e+00
3.649999999999999994e-07 2.356379000000000001e+00
3.700000000000000044e-07 2.306934000000000040e+00
3.750000000000000095e-07 2.264367000000000019e+00
3.800000000000000146e-07 2.224238000000000159e+00
3.850000000000000196e-07 2.184833999999999943e+00
3.900000000000000247e-07 2.147104000000000124e+00
3.950000000000000298e-07 2.113309000000000104e+00
4.000000000000000348e-07 2.085542999999999925e+00
4.050000000000000399e-07 2.064967999999999915e+00
4.100000000000000450e-07 2.051791000000000142e+00
4.150000000000000500e-07 2.045577999999999896e+00
4.200000000000000022e-07 2.045595000000000052e+00
4.250000000000000072e-07 2.051051000000000180e+00
4.300000000000000123e-07 2.061227000000000142e+00
4.350000000000000174e-07 2.075530000000000097e+00
4.400000000000000224e-07 2.093506999999999785e+00
4.450000000000000275e-07 2.114831000000000127e+00
4.500000000000000326e-07 2.139269000000000087e+00
4.550000000000000376e-07 2.166637999999999842e+00
4.600000000000000427e-07 2.196736000000000022e+00
4.650000000000000478e-07 2.229242999999999864e+00
4.700000000000000528e-07 2.263565999999999967e+00
4.750000000000000050e-07 2.298639000000000099e+00
4.800000000000000630e-07 2.332653999999999783e+00
4.850000000000000151e-07 2.363567000000000196e+00
4.900000000000000731e-07 2.386061999999999905e+00
4.950000000000000252e-07 2.396218000000000181e+00
5.000000000000000833e-07 2.389632999999999896e+00
5.050000000000000354e-07 2.363656999999999897e+00
5.099999999999999875e-07 2.318839999999999790e+00
5.150000000000000455e-07 2.259311999999999987e+00
5.199999999999999976e-07 2.191650999999999794e+00
5.250000000000000557e-07 2.122872999999999788e+00
5.300000000000000078e-07 2.058708999999999900e+00
5.350000000000000658e-07 2.003363999999999923e+00
5.400000000000000179e-07 1.957640999999999964e+00
5.450000000000000759e-07 1.922133000000000091e+00
5.500000000000000281e-07 1.896986999999999979e+00
5.550000000000000861e-07 1.881035000000000013e+00
5.600000000000000382e-07 1.873297999999999908e+00
5.649999999999999903e-07 1.872799000000000103e+00
5.700000000000000483e-07 1.878616000000000064e+00
5.750000000000000004e-07 1.889875999999999889e+00
5.800000000000000585e-07 1.905728000000000089e+00
5.850000000000000106e-07 1.925283000000000078e+00
5.900000000000000686e-07 1.947559000000000040e+00
5.950000000000000207e-07 1.971410000000000107e+00
6.000000000000000787e-07 1.995468000000000020e+00
6.050000000000000309e-07 2.018101999999999840e+00
6.100000000000000889e-07 2.037412999999999919e+00
6.150000000000000410e-07 2.051276000000000099e+00
6.199999999999999931e-07 2.057468000000000075e+00
6.250000000000000511e-07 2.053852000000000011e+00
6.300000000000000033e-07 2.038632999999999917e+00
6.350000000000000613e-07 2.010631000000000057e+00
6.400000000000000134e-07 1.969495999999999913e+00
6.450000000000000714e-07 1.915818000000000021e+00
6.500000000000000235e-07 1.851080000000000059e+00
6.550000000000000815e-07 1.777452000000000032e+00
6.600000000000000337e-07 1.697497000000000034e+00
6.650000000000000917e-07 1.613849000000000089e+00
6.700000000000000438e-07 1.528944999999999999e+00
6.749999999999999959e-07 1.444847999999999910e+00
6.800000000000000539e-07 1.363158000000000092e+00
6.850000000000000061e-07 1.285015000000000018e+00
6.900000000000000641e-07 1.211147999999999891e+00
6.950000000000000162e-07 1.141950000000000021e+00
7.000000000000000742e-07 1.077557000000000098e+00
7.050000000000000263e-07 1.017916999999999961e+00
7.100000000000000843e-07 9.628600000000000492e-01
7.150000000000000365e-07 9.121359999999999468e-01
7.200000000000000945e-07 8.654560000000000031e-01
7.250000000000000466e-07 8.225099999999999634e-01
7.299999999999999987e-07 7.829930000000000501e-01
7.350000000000000567e-07 7.466070000000000206e-01
7.400000000000000089e-07 7.130720000000000391e-01
7.450000000000000669e-07 6.821270000000000389e-01
7.500000000000000190e-07 6.535320000000000018e-01
7.550000000000000770e-07 6.270679999999999588e-01
7.600000000000000291e-07 6.025390000000000468e-01
7.650000000000000871e-07 5.797649999999999748e-01
7.700000000000000393e-07 5.585860000000000269e-01
7.750000000000000973e-07 5.388570000000000304e-01
7.800000000000000494e-07 5.204480000000000217e-01
7.850000000000000015e-07 5.032429999999999959e-01
7.900000000000000595e-07 4.871369999999999867e-01
7.950000000000000117e-07 4.720369999999999844e-01
8.000000000000000697e-07 4.578570000000000140e-01
8.050000000000000218e-07 4.445209999999999995e-01
8.100000000000000798e-07 4.319620000000000126e-01
8.150000000000000319e-07 4.201159999999999894e-01
8.200000000000000899e-07 4.089289999999999869e-01
8.250000000000000421e-07 3.981419999999999959e-01
