2.066402866666666593e-07 2.457365999999999939e+00
2.073313913043478130e-07 2.497851999999999961e+00
2.080271342281878936e-07 2.493068000000000062e+00
2.087275622895622768e-07 2.514294000000000029e+00
2.094327229729729731e-07 2.523125999999999980e+00
2.101426644067796352e-07 2.537507999999999875e+00
2.108574353741496562e-07 2.550819999999999865e+00
2.115770853242320691e-07 2.563876000000000044e+00
2.123016643835616544e-07 2.577961999999999865e+00
2.130312233676975965e-07 2.594879999999999853e+00
2.137658137931034380e-07 2.607914000000000065e+00
2.145054878892733360e-07 2.625004999999999811e+00
2.152502986111111311e-07 2.642490000000000006e+00
2.160002996515679463e-07 2.659720000000000084e+00
2.167555454545454637e-07 2.677296999999999816e+00
2.175160912280701454e-07 2.697205999999999992e+00
2.182819929577464726e-07 2.715371999999999897e+00
2.190533074204946817e-07 2.735419999999999963e+00
2.198300921985815739e-07 2.757201999999999931e+00
2.206124056939501688e-07 2.778399999999999981e+00
2.214003071428571482e-07 2.800345999999999780e+00
2.221938566308243643e-07 2.821991999999999834e+00
2.229931151079136492e-07 2.844958999999999794e+00
2.237981444043321265e-07 2.869482000000000088e+00
2.246090072463767864e-07 2.894842000000000137e+00
2.254257672727272695e-07 2.920649000000000051e+00
2.262484890510948562e-07 2.945723999999999787e+00
2.270772380952380872e-07 2.972278000000000198e+00
2.279120808823529592e-07 2.999855999999999856e+00
2.287530848708487053e-07 3.028626000000000040e+00
2.296003185185185045e-07 3.058778999999999915e+00
2.304538513011152586e-07 3.088743000000000016e+00
2.313137537313433145e-07 3.120388000000000162e+00
2.321800973782771450e-07 3.153627000000000180e+00
2.330529548872180243e-07 3.187895999999999841e+00
2.339323999999999488e-07 3.223087000000000035e+00
2.348185075757575614e-07 3.261055999999999955e+00
2.357113536121673031e-07 3.300551000000000013e+00
2.366110152671755544e-07 3.341915000000000191e+00
2.375175708812259981e-07 3.386835000000000040e+00
2.384310999999999651e-07 3.432945999999999831e+00
2.393516833976833978e-07 3.481828000000000145e+00
2.402794031007751988e-07 3.534142999999999812e+00
2.412143424124513134e-07 3.587841000000000058e+00
2.421565859374999761e-07 3.644868999999999915e+00
2.431062196078431847e-07 3.703863000000000127e+00
2.440633307086614191e-07 3.762969000000000008e+00
2.450280079051382835e-07 3.823672999999999877e+00
2.460003412698412699e-07 3.882446999999999981e+00
2.469804223107570133e-07 3.936170999999999864e+00
2.479683439999999912e-07 3.982854999999999812e+00
2.489642008032128254e-07 4.017530999999999963e+00
2.499680887096774032e-07 4.039856000000000336e+00
2.509801052631578886e-07 4.049819000000000280e+00
2.520003495934959506e-07 4.047874000000000194e+00
2.530289224489795980e-07 4.035529000000000366e+00
2.540659262295082255e-07 4.012335000000000207e+00
2.551114650205761573e-07 3.982130999999999865e+00
2.561656446280992012e-07 3.942572000000000187e+00
2.572285726141078758e-07 3.897654000000000174e+00
2.583003583333333043e-07 3.846175999999999817e+00
2.593811129707112928e-07 3.789108000000000143e+00
2.604709495798319609e-07 3.728952000000000044e+00
2.615699831223628264e-07 3.665761999999999965e+00
2.626783305084745109e-07 3.600554999999999950e+00
2.637961106382978146e-07 3.535806000000000004e+00
2.649234444444444527e-07 3.470171000000000117e+00
2.660604549356222643e-07 3.408326999999999884e+00
2.672072672413793041e-07 3.345778999999999836e+00
2.683640086580086341e-07 3.286518000000000050e+00
2.695308086956521966e-07 3.229194999999999816e+00
2.707077991266375963e-07 3.169636999999999816e+00
2.718951140350876553e-07 3.105204000000000075e+00
2.730928898678413870e-07 3.033869000000000149e+00
2.743012654867256695e-07 2.955721000000000043e+00
2.755203822222222477e-07 2.875817000000000068e+00
2.767503839285713559e-07 2.796329000000000065e+00
2.779914170403587590e-07 2.718818999999999875e+00
2.792436306306306837e-07 2.644766999999999868e+00
2.805071764705882004e-07 2.574069000000000162e+00
2.817822090909090208e-07 2.507401000000000213e+00
2.830688858447488549e-07 2.444685000000000219e+00
2.843673669724771226e-07 2.387287999999999855e+00
2.856778156682027617e-07 2.333966999999999903e+00
2.870003981481481571e-07 2.284571999999999825e+00
2.883352837209301645e-07 2.240070999999999923e+00
2.896826448598130263e-07 2.198923000000000183e+00
2.910426572769952792e-07 2.162126000000000214e+00
2.924154999999999492e-07 2.129596999999999962e+00
2.938013554502369110e-07 2.100181000000000076e+00
2.952004095238095133e-07 2.074082000000000203e+00
2.966128516746411748e-07 2.050806000000000129e+00
2.980388749999999828e-07 2.031003999999999809e+00
2.994786763285023465e-07 2.013154000000000110e+00
3.009324563106796123e-07 1.997020999999999935e+00
3.024004195121951513e-07 1.983239999999999892e+00
3.038827745098038750e-07 1.971225000000000005e+00
3.053797339901477231e-07 1.961227000000000054e+00
3.068915148514851146e-07 1.952093999999999996e+00
3.084183383084576997e-07 1.943677000000000099e+00
3.099604299999999758e-07 1.936998999999999915e+00
3.115180201005025143e-07 1.931994999999999907e+00
3.130913434343434152e-07 1.927384999999999904e+00
3.146806395939086368e-07 1.924044000000000088e+00
3.162861530612244975e-07 1.921351000000000031e+00
3.179081333333333221e-07 1.919966999999999979e+00
3.195468350515464345e-07 1.919380000000000086e+00
3.212025181347150510e-07 1.919361000000000095e+00
3.228754479166666701e-07 1.920179000000000080e+00
3.245658952879581006e-07 1.921775999999999929e+00
3.262741368421052711e-07 1.923807999999999963e+00
3.280004550264549913e-07 1.926838000000000051e+00
3.297451382978723079e-07 1.930425999999999975e+00
3.315084812834224428e-07 1.934380999999999906e+00
3.332907849462365200e-07 1.939054999999999973e+00
3.350923567567567463e-07 1.944673000000000096e+00
3.369135108695652325e-07 1.950426999999999911e+00
3.387545683060109144e-07 1.956790000000000029e+00
3.406158571428571308e-07 1.963225999999999916e+00
3.424977127071823168e-07 1.971205000000000096e+00
3.444004777777777567e-07 1.979201999999999906e+00
3.463245027932960845e-07 1.987479999999999913e+00
3.482701460674157043e-07 1.997452000000000005e+00
3.502377740112994361e-07 2.007391999999999843e+00
3.522277613636363289e-07 2.018101000000000145e+00
3.542404914285714160e-07 2.029863000000000195e+00
3.562763563218390897e-07 2.042257000000000211e+00
3.583357572254335096e-07 2.055181999999999842e+00
3.604191046511627453e-07 2.069029000000000007e+00
3.625268187134502953e-07 2.083606000000000069e+00
3.646593294117646712e-07 2.099702000000000179e+00
3.668170769230769508e-07 2.117574999999999985e+00
3.690005119047618255e-07 2.136220999999999925e+00
3.712100958083832844e-07 2.157563000000000120e+00
3.734463012048192645e-07 2.179803000000000157e+00
3.757096121212121512e-07 2.203659000000000034e+00
3.780005243902438729e-07 2.226849000000000078e+00
3.803195460122699615e-07 2.244197999999999915e+00
3.826671975308641565e-07 2.247713000000000072e+00
3.850440124223602808e-07 2.228445999999999927e+00
3.874505374999999830e-07 2.186631999999999909e+00
3.898873333333333715e-07 2.130616999999999983e+00
3.923549746835442926e-07 2.072886000000000006e+00
3.948540509554139819e-07 2.021345000000000169e+00
3.973851666666666791e-07 1.979753000000000096e+00
3.999489419354838875e-07 1.948722000000000065e+00
4.025460129870129776e-07 1.927836000000000105e+00
4.051770326797385529e-07 1.918423999999999907e+00
4.078426710526315889e-07 1.916225999999999985e+00
4.105436158940397353e-07 1.901097000000000037e+00
4.132805733333333187e-07 1.835865999999999998e+00
4.160542684563757872e-07 1.704012000000000082e+00
4.188654459459459461e-07 1.541660999999999948e+00
4.217148707482993123e-07 1.383868000000000098e+00
4.246033287671233089e-07 1.243098999999999954e+00
4.275316275862068230e-07 1.125485000000000069e+00
4.305005972222222621e-07 1.026356999999999964e+00
4.335110909090908215e-07 9.425149999999999917e-01
4.365639859154929453e-07 8.734950000000000214e-01
4.396601843971630948e-07 8.122169999999999668e-01
4.428006142857142965e-07 7.632240000000000135e-01
4.459862302158272983e-07 7.146470000000000322e-01
4.492180144927536786e-07 6.741829999999999767e-01
4.524969781021897124e-07 6.391210000000000502e-01
4.558241617647059184e-07 6.033610000000000362e-01
4.592006370370370090e-07 5.747179999999999511e-01
4.626275074626866290e-07 5.493130000000000512e-01
4.661059097744360486e-07 5.241980000000000528e-01
4.696370151515151228e-07 5.059390000000000276e-01
4.732220305343511089e-07 4.803020000000000067e-01
4.768621999999999302e-07 4.618650000000000255e-01
4.805588062015503976e-07 4.412059999999999871e-01
4.843131718749999522e-07 4.271949999999999914e-01
4.881266614173228382e-07 4.090820000000000012e-01
4.920006825396825399e-07 3.961049999999999849e-01
4.959366879999999824e-07 3.826720000000000121e-01
4.999361774193548065e-07 3.700990000000000113e-01
5.040006991869919011e-07 3.573370000000000157e-01
5.081318524590164509e-07 3.443419999999999814e-01
5.123312892561984024e-07 3.335699999999999776e-01
5.166007166666667145e-07 3.197920000000000207e-01
5.209418991596639218e-07 3.096970000000000001e-01
5.253566610169491276e-07 2.974700000000000122e-01
5.298468888888889054e-07 2.892230000000000079e-01
5.344145344827586081e-07 2.822040000000000104e-01
5.390616173913043932e-07 2.756190000000000029e-01
5.437902280701753107e-07 2.670109999999999983e-01
5.486025309734513389e-07 2.570120000000000182e-01
5.535007678571427118e-07 2.508310000000000262e-01
5.584872612612613674e-07 2.423089999999999966e-01
5.635644181818180415e-07 2.363480000000000025e-01
5.687347339449541394e-07 2.255179999999999962e-01
5.740007962962963142e-07 2.156409999999999993e-01
5.793652897196260527e-07 2.098069999999999935e-01
5.848309999999998984e-07 2.047489999999999866e-01
5.904008190476190267e-07 1.987369999999999970e-01
5.960777499999999656e-07 1.937719999999999998e-01
6.018649126213592246e-07 1.883650000000000047e-01
6.077655490196077500e-07 1.820640000000000036e-01
6.137830297029702291e-07 1.756020000000000081e-01
6.199208599999999516e-07 1.707700000000000051e-01
6.261826868686868304e-07 1.630719999999999947e-01
6.325723061224489950e-07 1.551990000000000036e-01
6.390936701030928689e-07 1.485009999999999941e-01
6.457508958333333402e-07 1.390520000000000089e-01
6.525482736842105422e-07 1.275139999999999885e-01
6.594902765957447217e-07 1.194250000000000034e-01
6.665815698924731459e-07 1.126360000000000000e-01
6.738270217391304650e-07 1.076069999999999943e-01
6.812317142857142616e-07 1.032249999999999973e-01
6.888009555555555135e-07 9.947899999999999798e-02
6.965402921348314086e-07 9.674900000000000166e-02
7.044555227272726578e-07 9.334900000000000142e-02
7.125527126436781795e-07 8.912799999999999889e-02
7.208382093023254906e-07 8.681899999999999340e-02
7.293186588235294482e-07 8.165999999999999648e-02
7.380010238095237569e-07 7.990800000000000680e-02
7.468926024096385290e-07 7.416399999999999382e-02
7.560010487804877458e-07 7.154099999999999349e-02
7.653343950617283130e-07 6.747400000000000619e-02
7.749010749999999659e-07 5.942999999999999672e-02
7.847099493670885851e-07 2.992399999999999921e-02
7.947703333333333581e-07 8.947000000000000092e-03
8.050920259740259551e-07 7.687000000000000256e-03
8.156853421052631777e-07 6.080999999999999600e-03
8.265611466666666374e-07 0.000000000000000000e+00
