2.066402866666666593e-07 2.440081000000000166e+00
2.073313913043478130e-07 2.443121000000000098e+00
2.080271342281878936e-07 2.466947999999999919e+00
2.087275622895622768e-07 2.472640000000000171e+00
2.094327229729729731e-07 2.484989000000000114e+00
2.101426644067796352e-07 2.506279000000000146e+00
2.108574353741496562e-07 2.514701000000000075e+00
2.115770853242320691e-07 2.525621000000000116e+00
2.123016643835616544e-07 2.544106999999999896e+00
2.130312233676975965e-07 2.562167000000000083e+00
2.137658137931034380e-07 2.574453999999999798e+00
2.145054878892733360e-07 2.595530000000000115e+00
2.152502986111111311e-07 2.615038999999999891e+00
2.160002996515679463e-07 2.636029000000000178e+00
2.167555454545454637e-07 2.652536000000000005e+00
2.175160912280701454e-07 2.674279999999999990e+00
2.182819929577464726e-07 2.696295000000000108e+00
2.190533074204946817e-07 2.716304000000000052e+00
2.198300921985815739e-07 2.738342999999999972e+00
2.206124056939501688e-07 2.763276999999999983e+00
2.214003071428571482e-07 2.782877000000000045e+00
2.221938566308243643e-07 2.808113000000000081e+00
2.229931151079136492e-07 2.832670999999999939e+00
2.237981444043321265e-07 2.856914999999999871e+00
2.246090072463767864e-07 2.882108999999999810e+00
2.254257672727272695e-07 2.907868000000000119e+00
2.262484890510948562e-07 2.934121999999999897e+00
2.270772380952380872e-07 2.962148000000000003e+00
2.279120808823529592e-07 2.988811000000000107e+00
2.287530848708487053e-07 3.018374000000000112e+00
2.296003185185185045e-07 3.046612999999999793e+00
2.304538513011152586e-07 3.075663000000000036e+00
2.313137537313433145e-07 3.106529000000000096e+00
2.321800973782771450e-07 3.137201999999999824e+00
2.330529548872180243e-07 3.169172999999999796e+00
2.339323999999999488e-07 3.201191000000000120e+00
2.348185075757575614e-07 3.236235999999999891e+00
2.357113536121673031e-07 3.270367999999999942e+00
2.366110152671755544e-07 3.307707999999999871e+00
2.375175708812259981e-07 3.346283999999999814e+00
2.384310999999999651e-07 3.384482000000000212e+00
2.393516833976833978e-07 3.425091999999999803e+00
2.402794031007751988e-07 3.465819000000000205e+00
2.412143424124513134e-07 3.508863999999999983e+00
2.421565859374999761e-07 3.553246000000000127e+00
2.431062196078431847e-07 3.598291999999999824e+00
2.440633307086614191e-07 3.642078999999999844e+00
2.450280079051382835e-07 3.687898000000000120e+00
2.460003412698412699e-07 3.735395000000000021e+00
2.469804223107570133e-07 3.778659999999999908e+00
2.479683439999999912e-07 3.821544999999999970e+00
2.489642008032128254e-07 3.858150000000000190e+00
2.499680887096774032e-07 3.889606000000000119e+00
2.509801052631578886e-07 3.914301000000000030e+00
2.520003495934959506e-07 3.928322000000000092e+00
2.530289224489795980e-07 3.936519999999999797e+00
2.540659262295082255e-07 3.940199999999999925e+00
2.551114650205761573e-07 3.940506000000000064e+00
2.561656446280992012e-07 3.937673000000000201e+00
2.572285726141078758e-07 3.928795000000000037e+00
2.583003583333333043e-07 3.908815999999999846e+00
2.593811129707112928e-07 3.878352000000000022e+00
2.604709495798319609e-07 3.838331000000000159e+00
2.615699831223628264e-07 3.785432000000000130e+00
2.626783305084745109e-07 3.722040999999999933e+00
2.637961106382978146e-07 3.645636000000000099e+00
2.649234444444444527e-07 3.557275000000000187e+00
2.660604549356222643e-07 3.462517000000000067e+00
2.672072672413793041e-07 3.362303999999999959e+00
2.683640086580086341e-07 3.259192000000000089e+00
2.695308086956521966e-07 3.156569000000000180e+00
2.707077991266375963e-07 3.055918000000000134e+00
2.718951140350876553e-07 2.957619000000000220e+00
2.730928898678413870e-07 2.863259999999999916e+00
2.743012654867256695e-07 2.774685999999999986e+00
2.755203822222222477e-07 2.691457999999999906e+00
2.767503839285713559e-07 2.614450999999999858e+00
2.779914170403587590e-07 2.541555999999999926e+00
2.792436306306306837e-07 2.476475999999999900e+00
2.805071764705882004e-07 2.417124999999999968e+00
2.817822090909090208e-07 2.363141000000000158e+00
2.830688858447488549e-07 2.314309000000000172e+00
2.843673669724771226e-07 2.270445000000000046e+00
2.856778156682027617e-07 2.229970999999999925e+00
2.870003981481481571e-07 2.193871000000000127e+00
2.883352837209301645e-07 2.161124000000000045e+00
2.896826448598130263e-07 2.131673999999999847e+00
2.910426572769952792e-07 2.105039999999999800e+00
2.924154999999999492e-07 2.081344999999999779e+00
2.938013554502369110e-07 2.060010999999999814e+00
2.952004095238095133e-07 2.040503999999999873e+00
2.966128516746411748e-07 2.023404999999999898e+00
2.980388749999999828e-07 2.008018999999999998e+00
2.994786763285023465e-07 1.994820000000000038e+00
3.009324563106796123e-07 1.982437000000000005e+00
3.024004195121951513e-07 1.971503999999999923e+00
3.038827745098038750e-07 1.962145000000000028e+00
3.053797339901477231e-07 1.953999000000000041e+00
3.068915148514851146e-07 1.947073000000000054e+00
3.084183383084576997e-07 1.941359999999999975e+00
3.099604299999999758e-07 1.936344999999999983e+00
3.115180201005025143e-07 1.931370999999999949e+00
3.130913434343434152e-07 1.928161000000000014e+00
3.146806395939086368e-07 1.926198999999999995e+00
3.162861530612244975e-07 1.924646999999999997e+00
3.179081333333333221e-07 1.923783999999999939e+00
3.195468350515464345e-07 1.924067999999999889e+00
3.212025181347150510e-07 1.924879000000000007e+00
3.228754479166666701e-07 1.926414999999999988e+00
3.245658952879581006e-07 1.928682000000000007e+00
3.262741368421052711e-07 1.931454000000000004e+00
3.280004550264549913e-07 1.935294999999999987e+00
3.297451382978723079e-07 1.939675999999999956e+00
3.315084812834224428e-07 1.944634999999999891e+00
3.332907849462365200e-07 1.951267000000000085e+00
3.350923567567567463e-07 1.958072999999999952e+00
3.369135108695652325e-07 1.965789999999999926e+00
3.387545683060109144e-07 1.973945999999999978e+00
3.406158571428571308e-07 1.983532999999999991e+00
3.424977127071823168e-07 1.993710000000000093e+00
3.444004777777777567e-07 2.004970999999999837e+00
3.463245027932960845e-07 2.017307999999999879e+00
3.482701460674157043e-07 2.030451999999999924e+00
3.502377740112994361e-07 2.044741000000000142e+00
3.522277613636363289e-07 2.058399999999999785e+00
3.542404914285714160e-07 2.071566999999999936e+00
3.562763563218390897e-07 2.081461000000000006e+00
3.583357572254335096e-07 2.085865000000000080e+00
3.604191046511627453e-07 2.081643000000000132e+00
3.625268187134502953e-07 2.067517000000000049e+00
3.646593294117646712e-07 2.042432999999999943e+00
3.668170769230769508e-07 2.009571000000000218e+00
3.690005119047618255e-07 1.973309999999999897e+00
3.712100958083832844e-07 1.936085000000000056e+00
3.734463012048192645e-07 1.901501000000000108e+00
3.757096121212121512e-07 1.869955999999999952e+00
3.780005243902438729e-07 1.841129999999999933e+00
3.803195460122699615e-07 1.811185000000000045e+00
3.826671975308641565e-07 1.773546999999999985e+00
3.850440124223602808e-07 1.719446999999999948e+00
3.874505374999999830e-07 1.640311999999999992e+00
3.898873333333333715e-07 1.540591999999999961e+00
3.923549746835442926e-07 1.428522000000000070e+00
3.948540509554139819e-07 1.315722000000000058e+00
3.973851666666666791e-07 1.212185999999999986e+00
3.999489419354838875e-07 1.119065999999999894e+00
4.025460129870129776e-07 1.035036000000000067e+00
4.051770326797385529e-07 9.612979999999999858e-01
4.078426710526315889e-07 8.952449999999999575e-01
4.105436158940397353e-07 8.374239999999999462e-01
4.132805733333333187e-07 7.856060000000000265e-01
4.160542684563757872e-07 7.395329999999999959e-01
4.188654459459459461e-07 6.969370000000000287e-01
4.217148707482993123e-07 6.609629999999999672e-01
4.246033287671233089e-07 6.263520000000000199e-01
4.275316275862068230e-07 5.959079999999999933e-01
4.305005972222222621e-07 5.670830000000000037e-01
4.335110909090908215e-07 5.400989999999999958e-01
4.365639859154929453e-07 5.156319999999999792e-01
4.396601843971630948e-07 4.938810000000000144e-01
4.428006142857142965e-07 4.715449999999999919e-01
4.459862302158272983e-07 4.517229999999999857e-01
4.492180144927536786e-07 4.333130000000000037e-01
4.524969781021897124e-07 4.173180000000000223e-01
4.558241617647059184e-07 3.995900000000000007e-01
4.592006370370370090e-07 3.852749999999999786e-01
4.626275074626866290e-07 3.724160000000000248e-01
4.661059097744360486e-07 3.573069999999999857e-01
4.696370151515151228e-07 3.488959999999999839e-01
4.732220305343511089e-07 3.328260000000000107e-01
4.768621999999999302e-07 3.186919999999999753e-01
4.805588062015503976e-07 3.049410000000000176e-01
4.843131718749999522e-07 2.964229999999999920e-01
4.881266614173228382e-07 2.843720000000000137e-01
4.920006825396825399e-07 2.741049999999999875e-01
4.959366879999999824e-07 2.676009999999999778e-01
4.999361774193548065e-07 2.561729999999999841e-01
5.040006991869919011e-07 2.459870000000000112e-01
5.081318524590164509e-07 2.367569999999999952e-01
5.123312892561984024e-07 2.270449999999999968e-01
5.166007166666667145e-07 2.189869999999999872e-01
5.209418991596639218e-07 2.109789999999999999e-01
5.253566610169491276e-07 2.042889999999999984e-01
5.298468888888889054e-07 1.966249999999999942e-01
5.344145344827586081e-07 1.876249999999999862e-01
5.390616173913043932e-07 1.776089999999999891e-01
5.437902280701753107e-07 1.669529999999999903e-01
5.486025309734513389e-07 1.572489999999999999e-01
5.535007678571427118e-07 1.484040000000000081e-01
5.584872612612613674e-07 1.412170000000000092e-01
5.635644181818180415e-07 1.338699999999999890e-01
5.687347339449541394e-07 1.265769999999999951e-01
5.740007962962963142e-07 1.195539999999999936e-01
5.793652897196260527e-07 1.128569999999999990e-01
5.848309999999998984e-07 1.063479999999999981e-01
5.904008190476190267e-07 9.966500000000000359e-02
5.960777499999999656e-07 9.358500000000000152e-02
6.018649126213592246e-07 8.565599999999999603e-02
6.077655490196077500e-07 7.950799999999999534e-02
6.137830297029702291e-07 7.507199999999999984e-02
6.199208599999999516e-07 5.716999999999999860e-02
6.261826868686868304e-07 2.058199999999999960e-02
6.325723061224489950e-07 3.863000000000000114e-03
6.390936701030928689e-07 1.616999999999999948e-03
6.457508958333333402e-07 2.860999999999999828e-03
6.525482736842105422e-07 2.605000000000000111e-03
6.594902765957447217e-07 7.309999999999999875e-04
6.665815698924731459e-07 1.599999999999999928e-05
6.738270217391304650e-07 0.000000000000000000e+00
6.812317142857142616e-07 0.000000000000000000e+00
6.888009555555555135e-07 0.000000000000000000e+00
6.965402921348314086e-07 0.000000000000000000e+00
7.044555227272726578e-07 0.000000000000000000e+00
7.125527126436781795e-07 0.000000000000000000e+00
7.208382093023254906e-07 0.000000000000000000e+00
7.293186588235294482e-07 0.000000000000000000e+00
7.380010238095237569e-07 0.000000000000000000e+00
7.468926024096385290e-07 0.000000000000000000e+00
7.560010487804877458e-07 0.000000000000000000e+00
7.653343950617283130e-07 0.000000000000000000e+00
7.749010749999999659e-07 0.000000000000000000e+00
7.847099493670885851e-07 0.000000000000000000e+00
7.947703333333333581e-07 0.000000000000000000e+00
8.050920259740259551e-07 0.000000000000000000e+00
8.156853421052631777e-07 0.000000000000000000e+00
8.265611466666666374e-07 0.000000000000000000e+00
