2.066402866666666593e-07 2.418439999999999923e+00
2.073313913043478130e-07 2.440423000000000009e+00
2.080271342281878936e-07 2.451710999999999974e+00
2.087275622895622768e-07 2.464671000000000056e+00
2.094327229729729731e-07 2.480138000000000176e+00
2.101426644067796352e-07 2.492764999999999898e+00
2.108574353741496562e-07 2.504417000000000115e+00
2.115770853242320691e-07 2.524087999999999887e+00
2.123016643835616544e-07 2.538067999999999991e+00
2.130312233676975965e-07 2.549514999999999976e+00
2.137658137931034380e-07 2.572071999999999914e+00
2.145054878892733360e-07 2.588693999999999829e+00
2.152502986111111311e-07 2.608410999999999813e+00
2.160002996515679463e-07 2.624925000000000175e+00
2.167555454545454637e-07 2.643305999999999933e+00
2.175160912280701454e-07 2.666037999999999908e+00
2.182819929577464726e-07 2.688015000000000043e+00
2.190533074204946817e-07 2.709426999999999808e+00
2.198300921985815739e-07 2.731815999999999800e+00
2.206124056939501688e-07 2.756845000000000212e+00
2.214003071428571482e-07 2.779599000000000153e+00
2.221938566308243643e-07 2.803549999999999986e+00
2.229931151079136492e-07 2.826941999999999844e+00
2.237981444043321265e-07 2.852151999999999799e+00
2.246090072463767864e-07 2.878836999999999868e+00
2.254257672727272695e-07 2.903302000000000049e+00
2.262484890510948562e-07 2.931039999999999868e+00
2.270772380952380872e-07 2.955938000000000176e+00
2.279120808823529592e-07 2.988821000000000172e+00
2.287530848708487053e-07 3.015054000000000123e+00
2.296003185185185045e-07 3.044595000000000162e+00
2.304538513011152586e-07 3.073224000000000178e+00
2.313137537313433145e-07 3.103868999999999989e+00
2.321800973782771450e-07 3.134421000000000124e+00
2.330529548872180243e-07 3.165086000000000066e+00
2.339323999999999488e-07 3.199174000000000184e+00
2.348185075757575614e-07 3.232523000000000035e+00
2.357113536121673031e-07 3.265810000000000102e+00
2.366110152671755544e-07 3.303456000000000170e+00
2.375175708812259981e-07 3.337435000000000151e+00
2.384310999999999651e-07 3.377536000000000094e+00
2.393516833976833978e-07 3.415271999999999863e+00
2.402794031007751988e-07 3.454436999999999980e+00
2.412143424124513134e-07 3.494653000000000009e+00
2.421565859374999761e-07 3.536176999999999904e+00
2.431062196078431847e-07 3.579076000000000146e+00
2.440633307086614191e-07 3.620821999999999985e+00
2.450280079051382835e-07 3.663461999999999996e+00
2.460003412698412699e-07 3.706224000000000185e+00
2.469804223107570133e-07 3.748232999999999926e+00
2.479683439999999912e-07 3.786744000000000110e+00
2.489642008032128254e-07 3.822039000000000186e+00
2.499680887096774032e-07 3.854049999999999976e+00
2.509801052631578886e-07 3.877752000000000088e+00
2.520003495934959506e-07 3.894394000000000133e+00
2.530289224489795980e-07 3.903836000000000084e+00
2.540659262295082255e-07 3.911049999999999915e+00
2.551114650205761573e-07 3.914785999999999877e+00
2.561656446280992012e-07 3.917224000000000039e+00
2.572285726141078758e-07 3.912761000000000156e+00
2.583003583333333043e-07 3.898503999999999969e+00
2.593811129707112928e-07 3.871344999999999814e+00
2.604709495798319609e-07 3.832644999999999857e+00
2.615699831223628264e-07 3.780391999999999975e+00
2.626783305084745109e-07 3.718323999999999963e+00
2.637961106382978146e-07 3.645087999999999884e+00
2.649234444444444527e-07 3.560505000000000031e+00
2.660604549356222643e-07 3.465657000000000210e+00
2.672072672413793041e-07 3.361810000000000187e+00
2.683640086580086341e-07 3.254436999999999802e+00
2.695308086956521966e-07 3.146485000000000198e+00
2.707077991266375963e-07 3.040026000000000117e+00
2.718951140350876553e-07 2.938390000000000057e+00
2.730928898678413870e-07 2.842109999999999914e+00
2.743012654867256695e-07 2.750932000000000155e+00
2.755203822222222477e-07 2.667895000000000127e+00
2.767503839285713559e-07 2.590761999999999787e+00
2.779914170403587590e-07 2.521403999999999979e+00
2.792436306306306837e-07 2.458489999999999842e+00
2.805071764705882004e-07 2.401825999999999794e+00
2.817822090909090208e-07 2.350480999999999820e+00
2.830688858447488549e-07 2.303841999999999945e+00
2.843673669724771226e-07 2.261772000000000116e+00
2.856778156682027617e-07 2.224282999999999788e+00
2.870003981481481571e-07 2.190385000000000026e+00
2.883352837209301645e-07 2.159063000000000176e+00
2.896826448598130263e-07 2.131712999999999969e+00
2.910426572769952792e-07 2.106443000000000065e+00
2.924154999999999492e-07 2.083550999999999931e+00
2.938013554502369110e-07 2.063566999999999929e+00
2.952004095238095133e-07 2.045987999999999918e+00
2.966128516746411748e-07 2.029174999999999951e+00
2.980388749999999828e-07 2.014895000000000103e+00
2.994786763285023465e-07 2.001838999999999924e+00
3.009324563106796123e-07 1.989546999999999954e+00
3.024004195121951513e-07 1.979557999999999929e+00
3.038827745098038750e-07 1.970305999999999891e+00
3.053797339901477231e-07 1.962760000000000060e+00
3.068915148514851146e-07 1.955810000000000048e+00
3.084183383084576997e-07 1.949657999999999891e+00
3.099604299999999758e-07 1.944765000000000077e+00
3.115180201005025143e-07 1.940784999999999982e+00
3.130913434343434152e-07 1.937489000000000017e+00
3.146806395939086368e-07 1.935108999999999968e+00
3.162861530612244975e-07 1.933581999999999912e+00
3.179081333333333221e-07 1.932987999999999928e+00
3.195468350515464345e-07 1.933192999999999939e+00
3.212025181347150510e-07 1.934360000000000079e+00
3.228754479166666701e-07 1.936196000000000028e+00
3.245658952879581006e-07 1.938369000000000009e+00
3.262741368421052711e-07 1.941985999999999990e+00
3.280004550264549913e-07 1.945626000000000078e+00
3.297451382978723079e-07 1.950304999999999955e+00
3.315084812834224428e-07 1.955993000000000093e+00
3.332907849462365200e-07 1.962001000000000106e+00
3.350923567567567463e-07 1.969375000000000098e+00
3.369135108695652325e-07 1.977525999999999895e+00
3.387545683060109144e-07 1.986323999999999979e+00
3.406158571428571308e-07 1.996123000000000092e+00
3.424977127071823168e-07 2.006797000000000164e+00
3.444004777777777567e-07 2.017459000000000113e+00
3.463245027932960845e-07 2.028519999999999879e+00
3.482701460674157043e-07 2.038641000000000147e+00
3.502377740112994361e-07 2.047006999999999799e+00
3.522277613636363289e-07 2.051449999999999996e+00
3.542404914285714160e-07 2.048849999999999838e+00
3.562763563218390897e-07 2.037803999999999949e+00
3.583357572254335096e-07 2.017135999999999818e+00
3.604191046511627453e-07 1.989619999999999944e+00
3.625268187134502953e-07 1.956755999999999940e+00
3.646593294117646712e-07 1.921570000000000000e+00
3.668170769230769508e-07 1.886791000000000107e+00
3.690005119047618255e-07 1.853663999999999978e+00
3.712100958083832844e-07 1.820648000000000044e+00
3.734463012048192645e-07 1.787196000000000007e+00
3.757096121212121512e-07 1.748480000000000034e+00
3.780005243902438729e-07 1.696609999999999951e+00
3.803195460122699615e-07 1.628765000000000018e+00
3.826671975308641565e-07 1.541897000000000073e+00
3.850440124223602808e-07 1.443016999999999994e+00
3.874505374999999830e-07 1.339591999999999894e+00
3.898873333333333715e-07 1.239233999999999947e+00
3.923549746835442926e-07 1.147682000000000091e+00
3.948540509554139819e-07 1.063118000000000007e+00
3.973851666666666791e-07 9.909900000000000375e-01
3.999489419354838875e-07 9.266330000000000400e-01
4.025460129870129776e-07 8.676059999999999883e-01
4.051770326797385529e-07 8.134000000000000119e-01
4.078426710526315889e-07 7.656159999999999632e-01
4.105436158940397353e-07 7.232210000000000027e-01
4.132805733333333187e-07 6.838940000000000019e-01
4.160542684563757872e-07 6.509059999999999846e-01
4.188654459459459461e-07 6.196209999999999773e-01
4.217148707482993123e-07 5.879579999999999806e-01
4.246033287671233089e-07 5.604170000000000540e-01
4.275316275862068230e-07 5.341960000000000042e-01
4.305005972222222621e-07 5.092219999999999525e-01
4.335110909090908215e-07 4.879160000000000164e-01
4.365639859154929453e-07 4.674440000000000262e-01
4.396601843971630948e-07 4.479279999999999928e-01
4.428006142857142965e-07 4.286800000000000055e-01
4.459862302158272983e-07 4.124860000000000193e-01
4.492180144927536786e-07 3.962289999999999979e-01
4.524969781021897124e-07 3.798110000000000097e-01
4.558241617647059184e-07 3.679310000000000080e-01
4.592006370370370090e-07 3.554789999999999894e-01
4.626275074626866290e-07 3.425679999999999836e-01
4.661059097744360486e-07 3.319790000000000241e-01
4.696370151515151228e-07 3.190810000000000035e-01
4.732220305343511089e-07 3.092799999999999994e-01
4.768621999999999302e-07 2.926549999999999985e-01
4.805588062015503976e-07 2.832120000000000193e-01
4.843131718749999522e-07 2.714989999999999903e-01
4.881266614173228382e-07 2.614079999999999737e-01
4.920006825396825399e-07 2.532969999999999944e-01
4.959366879999999824e-07 2.452630000000000088e-01
4.999361774193548065e-07 2.377700000000000091e-01
5.040006991869919011e-07 2.310909999999999909e-01
5.081318524590164509e-07 2.230580000000000063e-01
5.123312892561984024e-07 2.145420000000000105e-01
5.166007166666667145e-07 2.047660000000000036e-01
5.209418991596639218e-07 1.962500000000000078e-01
5.253566610169491276e-07 1.868120000000000058e-01
5.298468888888889054e-07 1.784239999999999993e-01
5.344145344827586081e-07 1.704019999999999979e-01
5.390616173913043932e-07 1.640040000000000109e-01
5.437902280701753107e-07 1.580999999999999905e-01
5.486025309734513389e-07 1.515229999999999910e-01
5.535007678571427118e-07 1.455430000000000057e-01
5.584872612612613674e-07 1.391880000000000062e-01
5.635644181818180415e-07 1.331430000000000113e-01
5.687347339449541394e-07 1.248999999999999971e-01
5.740007962962963142e-07 1.161429999999999962e-01
5.793652897196260527e-07 1.075620000000000048e-01
5.848309999999998984e-07 1.004349999999999965e-01
5.904008190476190267e-07 8.785999999999999366e-02
5.960777499999999656e-07 5.262300000000000311e-02
6.018649126213592246e-07 2.007000000000000103e-02
6.077655490196077500e-07 4.062999999999999771e-03
6.137830297029702291e-07 9.550000000000000112e-04
6.199208599999999516e-07 1.719000000000000042e-03
6.261826868686868304e-07 1.191999999999999917e-03
6.325723061224489950e-07 3.206000000000000082e-03
6.390936701030928689e-07 2.226999999999999813e-03
6.457508958333333402e-07 9.439999999999999607e-04
6.525482736842105422e-07 3.199999999999999855e-05
6.594902765957447217e-07 2.422000000000000108e-03
6.665815698924731459e-07 3.546000000000000107e-03
6.738270217391304650e-07 2.380999999999999870e-03
6.812317142857142616e-07 1.278000000000000056e-03
6.888009555555555135e-07 1.169999999999999979e-04
6.965402921348314086e-07 0.000000000000000000e+00
7.044555227272726578e-07 0.000000000000000000e+00
7.125527126436781795e-07 0.000000000000000000e+00
7.208382093023254906e-07 0.000000000000000000e+00
7.293186588235294482e-07 0.000000000000000000e+00
7.380010238095237569e-07 0.000000000000000000e+00
7.468926024096385290e-07 0.000000000000000000e+00
7.560010487804877458e-07 0.000000000000000000e+00
7.653343950617283130e-07 0.000000000000000000e+00
7.749010749999999659e-07 0.000000000000000000e+00
7.847099493670885851e-07 0.000000000000000000e+00
7.947703333333333581e-07 0.000000000000000000e+00
8.050920259740259551e-07 0.000000000000000000e+00
8.156853421052631777e-07 0.000000000000000000e+00
8.265611466666666374e-07 0.000000000000000000e+00
