2.066402866666666593e-07 1.310656000000000043e+00
2.073313913043478130e-07 1.301684000000000063e+00
2.080271342281878936e-07 1.310326000000000102e+00
2.087275622895622768e-07 1.315631999999999913e+00
2.094327229729729731e-07 1.316461000000000103e+00
2.101426644067796352e-07 1.318988000000000049e+00
2.108574353741496562e-07 1.322008999999999990e+00
2.115770853242320691e-07 1.322584999999999900e+00
2.123016643835616544e-07 1.323271000000000086e+00
2.130312233676975965e-07 1.325692000000000093e+00
2.137658137931034380e-07 1.329968000000000039e+00
2.145054878892733360e-07 1.332111000000000045e+00
2.152502986111111311e-07 1.335742999999999903e+00
2.160002996515679463e-07 1.337445999999999913e+00
2.167555454545454637e-07 1.339280000000000026e+00
2.175160912280701454e-07 1.344764000000000070e+00
2.182819929577464726e-07 1.350090999999999930e+00
2.190533074204946817e-07 1.354977000000000098e+00
2.198300921985815739e-07 1.362214000000000036e+00
2.206124056939501688e-07 1.365845999999999894e+00
2.214003071428571482e-07 1.370668999999999915e+00
2.221938566308243643e-07 1.375526000000000026e+00
2.229931151079136492e-07 1.382301999999999920e+00
2.237981444043321265e-07 1.391075999999999979e+00
2.246090072463767864e-07 1.398463999999999929e+00
2.254257672727272695e-07 1.407577999999999996e+00
2.262484890510948562e-07 1.414935000000000054e+00
2.270772380952380872e-07 1.425715000000000066e+00
2.279120808823529592e-07 1.436317000000000066e+00
2.287530848708487053e-07 1.447441999999999895e+00
2.296003185185185045e-07 1.459337000000000106e+00
2.304538513011152586e-07 1.471694000000000058e+00
2.313137537313433145e-07 1.485119000000000078e+00
2.321800973782771450e-07 1.499173000000000089e+00
2.330529548872180243e-07 1.514850000000000030e+00
2.339323999999999488e-07 1.531209999999999960e+00
2.348185075757575614e-07 1.547995999999999928e+00
2.357113536121673031e-07 1.566686999999999941e+00
2.366110152671755544e-07 1.588330999999999937e+00
2.375175708812259981e-07 1.608263999999999916e+00
2.384310999999999651e-07 1.633963000000000054e+00
2.393516833976833978e-07 1.661874999999999991e+00
2.402794031007751988e-07 1.693338000000000010e+00
2.412143424124513134e-07 1.728615000000000013e+00
2.421565859374999761e-07 1.771501999999999910e+00
2.431062196078431847e-07 1.819641000000000064e+00
2.440633307086614191e-07 1.876196999999999893e+00
2.450280079051382835e-07 1.942150999999999961e+00
2.460003412698412699e-07 2.018955000000000055e+00
2.469804223107570133e-07 2.107686000000000170e+00
2.479683439999999912e-07 2.207408000000000037e+00
2.489642008032128254e-07 2.315093000000000067e+00
2.499680887096774032e-07 2.427795999999999843e+00
2.509801052631578886e-07 2.545247999999999955e+00
2.520003495934959506e-07 2.659975999999999896e+00
2.530289224489795980e-07 2.771414000000000044e+00
2.540659262295082255e-07 2.878010999999999875e+00
2.551114650205761573e-07 2.984774999999999956e+00
2.561656446280992012e-07 3.083470999999999851e+00
2.572285726141078758e-07 3.177719000000000182e+00
2.583003583333333043e-07 3.267408000000000090e+00
2.593811129707112928e-07 3.348609000000000169e+00
2.604709495798319609e-07 3.424856999999999818e+00
2.615699831223628264e-07 3.493701999999999863e+00
2.626783305084745109e-07 3.555359000000000158e+00
2.637961106382978146e-07 3.610948000000000047e+00
2.649234444444444527e-07 3.660766999999999882e+00
2.660604549356222643e-07 3.705079000000000011e+00
2.672072672413793041e-07 3.746481000000000172e+00
2.683640086580086341e-07 3.787882000000000193e+00
2.695308086956521966e-07 3.829295999999999811e+00
2.707077991266375963e-07 3.872212000000000209e+00
2.718951140350876553e-07 3.915413000000000032e+00
2.730928898678413870e-07 3.955077999999999872e+00
2.743012654867256695e-07 3.987891999999999992e+00
2.755203822222222477e-07 4.010168000000000177e+00
2.767503839285713559e-07 4.025892999999999944e+00
2.779914170403587590e-07 4.032693000000000083e+00
2.792436306306306837e-07 4.032212000000000351e+00
2.805071764705882004e-07 4.027382000000000239e+00
2.817822090909090208e-07 4.017388999999999655e+00
2.830688858447488549e-07 4.003980000000000317e+00
2.843673669724771226e-07 3.985971999999999849e+00
2.856778156682027617e-07 3.966575999999999880e+00
2.870003981481481571e-07 3.945786000000000016e+00
2.883352837209301645e-07 3.921946000000000154e+00
2.896826448598130263e-07 3.898175000000000168e+00
2.910426572769952792e-07 3.873095000000000176e+00
2.924154999999999492e-07 3.848932000000000020e+00
2.938013554502369110e-07 3.824288999999999827e+00
2.952004095238095133e-07 3.800955999999999779e+00
2.966128516746411748e-07 3.778080999999999801e+00
2.980388749999999828e-07 3.755967000000000056e+00
2.994786763285023465e-07 3.734998000000000040e+00
3.009324563106796123e-07 3.715431000000000150e+00
3.024004195121951513e-07 3.696963999999999917e+00
3.038827745098038750e-07 3.678993000000000180e+00
3.053797339901477231e-07 3.662256000000000178e+00
3.068915148514851146e-07 3.646768999999999927e+00
3.084183383084576997e-07 3.632210999999999856e+00
3.099604299999999758e-07 3.618473999999999968e+00
3.115180201005025143e-07 3.605589000000000155e+00
3.130913434343434152e-07 3.593761999999999901e+00
3.146806395939086368e-07 3.583511999999999809e+00
3.162861530612244975e-07 3.573783999999999850e+00
3.179081333333333221e-07 3.565640999999999838e+00
3.195468350515464345e-07 3.557745000000000157e+00
3.212025181347150510e-07 3.551044000000000089e+00
3.228754479166666701e-07 3.545296000000000003e+00
3.245658952879581006e-07 3.540665000000000173e+00
3.262741368421052711e-07 3.536974999999999980e+00
3.280004550264549913e-07 3.534139000000000141e+00
3.297451382978723079e-07 3.531806000000000001e+00
3.315084812834224428e-07 3.531028000000000056e+00
3.332907849462365200e-07 3.530705000000000204e+00
3.350923567567567463e-07 3.531700999999999979e+00
3.369135108695652325e-07 3.534076999999999913e+00
3.387545683060109144e-07 3.536782000000000092e+00
3.406158571428571308e-07 3.540734000000000048e+00
3.424977127071823168e-07 3.545228999999999964e+00
3.444004777777777567e-07 3.551895000000000024e+00
3.463245027932960845e-07 3.559546000000000099e+00
3.482701460674157043e-07 3.567683000000000160e+00
3.502377740112994361e-07 3.577706000000000053e+00
3.522277613636363289e-07 3.588553000000000104e+00
3.542404914285714160e-07 3.600940000000000030e+00
3.562763563218390897e-07 3.615167000000000019e+00
3.583357572254335096e-07 3.630637000000000114e+00
3.604191046511627453e-07 3.647764000000000006e+00
3.625268187134502953e-07 3.667710000000000026e+00
3.646593294117646712e-07 3.689678999999999931e+00
3.668170769230769508e-07 3.714996000000000187e+00
3.690005119047618255e-07 3.743453999999999837e+00
3.712100958083832844e-07 3.776730999999999838e+00
3.734463012048192645e-07 3.815970999999999780e+00
3.757096121212121512e-07 3.863353000000000037e+00
3.780005243902438729e-07 3.920606999999999953e+00
3.803195460122699615e-07 3.991559000000000079e+00
3.826671975308641565e-07 4.077031999999999989e+00
3.850440124223602808e-07 4.168271999999999977e+00
3.874505374999999830e-07 4.252756999999999898e+00
3.898873333333333715e-07 4.319586000000000148e+00
3.923549746835442926e-07 4.369136000000000131e+00
3.948540509554139819e-07 4.404778000000000304e+00
3.973851666666666791e-07 4.433125000000000426e+00
3.999489419354838875e-07 4.459749999999999659e+00
4.025460129870129776e-07 4.490623000000000253e+00
4.051770326797385529e-07 4.532807000000000031e+00
4.078426710526315889e-07 4.600102999999999831e+00
4.105436158940397353e-07 4.704879000000000033e+00
4.132805733333333187e-07 4.838264999999999816e+00
4.160542684563757872e-07 4.954601000000000255e+00
4.188654459459459461e-07 5.016100999999999921e+00
4.217148707482993123e-07 5.027369000000000199e+00
4.246033287671233089e-07 5.006364999999999732e+00
4.275316275862068230e-07 4.967996000000000301e+00
4.305005972222222621e-07 4.921653000000000056e+00
4.335110909090908215e-07 4.871946000000000332e+00
4.365639859154929453e-07 4.820382999999999640e+00
4.396601843971630948e-07 4.773399000000000392e+00
4.428006142857142965e-07 4.725114999999999732e+00
4.459862302158272983e-07 4.680939000000000405e+00
4.492180144927536786e-07 4.636960000000000193e+00
4.524969781021897124e-07 4.595013999999999932e+00
4.558241617647059184e-07 4.555496999999999908e+00
4.592006370370370090e-07 4.517742000000000147e+00
4.626275074626866290e-07 4.481670000000000265e+00
4.661059097744360486e-07 4.446760000000000268e+00
4.696370151515151228e-07 4.414062000000000374e+00
4.732220305343511089e-07 4.382616999999999763e+00
4.768621999999999302e-07 4.352694999999999759e+00
4.805588062015503976e-07 4.323955999999999911e+00
4.843131718749999522e-07 4.296401999999999610e+00
4.881266614173228382e-07 4.270417000000000129e+00
4.920006825396825399e-07 4.244371000000000116e+00
4.959366879999999824e-07 4.219860999999999862e+00
4.999361774193548065e-07 4.196316999999999631e+00
5.040006991869919011e-07 4.173735999999999891e+00
5.081318524590164509e-07 4.152060999999999780e+00
5.123312892561984024e-07 4.130560000000000009e+00
5.166007166666667145e-07 4.110638999999999932e+00
5.209418991596639218e-07 4.090739000000000125e+00
5.253566610169491276e-07 4.072362000000000037e+00
5.298468888888889054e-07 4.053664999999999630e+00
5.344145344827586081e-07 4.035349000000000075e+00
5.390616173913043932e-07 4.017900000000000027e+00
5.437902280701753107e-07 4.001462000000000074e+00
5.486025309734513389e-07 3.985711999999999922e+00
5.535007678571427118e-07 3.969615999999999811e+00
5.584872612612613674e-07 3.955064999999999831e+00
5.635644181818180415e-07 3.940506000000000064e+00
5.687347339449541394e-07 3.927220999999999851e+00
5.740007962962963142e-07 3.913769999999999971e+00
5.793652897196260527e-07 3.900405000000000122e+00
5.848309999999998984e-07 3.887665000000000148e+00
5.904008190476190267e-07 3.875605999999999884e+00
5.960777499999999656e-07 3.863433999999999813e+00
6.018649126213592246e-07 3.852707999999999799e+00
6.077655490196077500e-07 3.841460999999999792e+00
6.137830297029702291e-07 3.830384000000000011e+00
6.199208599999999516e-07 3.820063000000000208e+00
6.261826868686868304e-07 3.811602000000000157e+00
6.325723061224489950e-07 3.802703000000000166e+00
6.390936701030928689e-07 3.793911000000000033e+00
6.457508958333333402e-07 3.786592999999999876e+00
6.525482736842105422e-07 3.775412000000000212e+00
6.594902765957447217e-07 3.762045000000000083e+00
6.665815698924731459e-07 3.749662999999999968e+00
6.738270217391304650e-07 3.737244000000000010e+00
6.812317142857142616e-07 3.726538000000000128e+00
6.888009555555555135e-07 3.715889000000000220e+00
6.965402921348314086e-07 3.706900999999999780e+00
7.044555227272726578e-07 3.699519000000000002e+00
7.125527126436781795e-07 3.691307999999999812e+00
7.208382093023254906e-07 3.684673000000000087e+00
7.293186588235294482e-07 3.677980999999999945e+00
7.380010238095237569e-07 3.671695999999999849e+00
7.468926024096385290e-07 3.666798000000000002e+00
7.560010487804877458e-07 3.660893000000000175e+00
7.653343950617283130e-07 3.658688000000000162e+00
7.749010749999999659e-07 3.663453000000000070e+00
7.847099493670885851e-07 3.660804000000000169e+00
7.947703333333333581e-07 3.631005000000000038e+00
8.050920259740259551e-07 3.605278000000000205e+00
8.156853421052631777e-07 3.588980999999999977e+00
8.265611466666666374e-07 3.571886999999999812e+00
