2.066402866666666593e-07 1.352727999999999930e+00
2.073313913043478130e-07 1.350257000000000041e+00
2.080271342281878936e-07 1.360751999999999962e+00
2.087275622895622768e-07 1.346780000000000088e+00
2.094327229729729731e-07 1.355175000000000018e+00
2.101426644067796352e-07 1.348980999999999986e+00
2.108574353741496562e-07 1.352179000000000020e+00
2.115770853242320691e-07 1.354405999999999999e+00
2.123016643835616544e-07 1.358033999999999963e+00
2.130312233676975965e-07 1.358259000000000105e+00
2.137658137931034380e-07 1.356748000000000065e+00
2.145054878892733360e-07 1.362767999999999979e+00
2.152502986111111311e-07 1.364111999999999991e+00
2.160002996515679463e-07 1.367407000000000039e+00
2.167555454545454637e-07 1.373026999999999997e+00
2.175160912280701454e-07 1.377154999999999907e+00
2.182819929577464726e-07 1.382554000000000061e+00
2.190533074204946817e-07 1.388927000000000023e+00
2.198300921985815739e-07 1.392284000000000077e+00
2.206124056939501688e-07 1.400222999999999995e+00
2.214003071428571482e-07 1.406560999999999950e+00
2.221938566308243643e-07 1.415855000000000086e+00
2.229931151079136492e-07 1.424225999999999992e+00
2.237981444043321265e-07 1.433284999999999920e+00
2.246090072463767864e-07 1.444801999999999920e+00
2.254257672727272695e-07 1.456294999999999895e+00
2.262484890510948562e-07 1.468278999999999890e+00
2.270772380952380872e-07 1.480383000000000004e+00
2.279120808823529592e-07 1.493403999999999954e+00
2.287530848708487053e-07 1.507832999999999979e+00
2.296003185185185045e-07 1.522535999999999889e+00
2.304538513011152586e-07 1.539307999999999899e+00
2.313137537313433145e-07 1.556915999999999967e+00
2.321800973782771450e-07 1.573204999999999965e+00
2.330529548872180243e-07 1.592445000000000110e+00
2.339323999999999488e-07 1.613440999999999903e+00
2.348185075757575614e-07 1.634935999999999945e+00
2.357113536121673031e-07 1.658304999999999918e+00
2.366110152671755544e-07 1.683737000000000039e+00
2.375175708812259981e-07 1.710059999999999913e+00
2.384310999999999651e-07 1.739659999999999984e+00
2.393516833976833978e-07 1.771117000000000052e+00
2.402794031007751988e-07 1.804532000000000025e+00
2.412143424124513134e-07 1.840419999999999945e+00
2.421565859374999761e-07 1.882014999999999993e+00
2.431062196078431847e-07 1.926293000000000033e+00
2.440633307086614191e-07 1.976720999999999950e+00
2.450280079051382835e-07 2.029558999999999891e+00
2.460003412698412699e-07 2.090443000000000051e+00
2.469804223107570133e-07 2.158946999999999949e+00
2.479683439999999912e-07 2.234016000000000002e+00
2.489642008032128254e-07 2.317623999999999906e+00
2.499680887096774032e-07 2.407167999999999974e+00
2.509801052631578886e-07 2.501686999999999994e+00
2.520003495934959506e-07 2.597945999999999867e+00
2.530289224489795980e-07 2.694704000000000210e+00
2.540659262295082255e-07 2.785460000000000047e+00
2.551114650205761573e-07 2.884796000000000138e+00
2.561656446280992012e-07 2.985081999999999791e+00
2.572285726141078758e-07 3.090370000000000061e+00
2.583003583333333043e-07 3.199494000000000060e+00
2.593811129707112928e-07 3.309448999999999863e+00
2.604709495798319609e-07 3.420984999999999943e+00
2.615699831223628264e-07 3.529284000000000088e+00
2.626783305084745109e-07 3.633990999999999971e+00
2.637961106382978146e-07 3.732768999999999782e+00
2.649234444444444527e-07 3.821879000000000026e+00
2.660604549356222643e-07 3.897717999999999794e+00
2.672072672413793041e-07 3.962368000000000112e+00
2.683640086580086341e-07 4.014045999999999559e+00
2.695308086956521966e-07 4.053994000000000320e+00
2.707077991266375963e-07 4.081685000000000230e+00
2.718951140350876553e-07 4.099432000000000187e+00
2.730928898678413870e-07 4.108303000000000260e+00
2.743012654867256695e-07 4.108852999999999867e+00
2.755203822222222477e-07 4.102509000000000405e+00
2.767503839285713559e-07 4.092425999999999675e+00
2.779914170403587590e-07 4.077078000000000202e+00
2.792436306306306837e-07 4.058372000000000313e+00
2.805071764705882004e-07 4.037065000000000126e+00
2.817822090909090208e-07 4.014228000000000129e+00
2.830688858447488549e-07 3.992825999999999986e+00
2.843673669724771226e-07 3.967560000000000198e+00
2.856778156682027617e-07 3.944011000000000156e+00
2.870003981481481571e-07 3.920409999999999950e+00
2.883352837209301645e-07 3.897407999999999983e+00
2.896826448598130263e-07 3.874460000000000015e+00
2.910426572769952792e-07 3.852577000000000140e+00
2.924154999999999492e-07 3.832138000000000044e+00
2.938013554502369110e-07 3.812050000000000161e+00
2.952004095238095133e-07 3.793727000000000071e+00
2.966128516746411748e-07 3.776441999999999855e+00
2.980388749999999828e-07 3.760599000000000025e+00
2.994786763285023465e-07 3.744715999999999934e+00
3.009324563106796123e-07 3.731100000000000083e+00
3.024004195121951513e-07 3.718665999999999805e+00
3.038827745098038750e-07 3.705646999999999913e+00
3.053797339901477231e-07 3.694634999999999891e+00
3.068915148514851146e-07 3.684108000000000160e+00
3.084183383084576997e-07 3.675167000000000073e+00
3.099604299999999758e-07 3.666885000000000172e+00
3.115180201005025143e-07 3.659730999999999845e+00
3.130913434343434152e-07 3.653218999999999994e+00
3.146806395939086368e-07 3.647968000000000099e+00
3.162861530612244975e-07 3.643330999999999875e+00
3.179081333333333221e-07 3.640045000000000197e+00
3.195468350515464345e-07 3.638052000000000064e+00
3.212025181347150510e-07 3.636810999999999794e+00
3.228754479166666701e-07 3.636871999999999883e+00
3.245658952879581006e-07 3.637431999999999999e+00
3.262741368421052711e-07 3.639568000000000136e+00
3.280004550264549913e-07 3.642576000000000036e+00
3.297451382978723079e-07 3.646958000000000144e+00
3.315084812834224428e-07 3.652994000000000074e+00
3.332907849462365200e-07 3.660016000000000158e+00
3.350923567567567463e-07 3.668083000000000204e+00
3.369135108695652325e-07 3.677757999999999861e+00
3.387545683060109144e-07 3.689639999999999809e+00
3.406158571428571308e-07 3.702430999999999806e+00
3.424977127071823168e-07 3.717976000000000170e+00
3.444004777777777567e-07 3.736291000000000029e+00
3.463245027932960845e-07 3.757855000000000167e+00
3.482701460674157043e-07 3.782630999999999855e+00
3.502377740112994361e-07 3.811192000000000135e+00
3.522277613636363289e-07 3.846141999999999950e+00
3.542404914285714160e-07 3.886538999999999966e+00
3.562763563218390897e-07 3.934253000000000000e+00
3.583357572254335096e-07 3.988593999999999973e+00
3.604191046511627453e-07 4.049555999999999933e+00
3.625268187134502953e-07 4.111051999999999929e+00
3.646593294117646712e-07 4.172203999999999802e+00
3.668170769230769508e-07 4.227378999999999998e+00
3.690005119047618255e-07 4.275998000000000410e+00
3.712100958083832844e-07 4.320065999999999740e+00
3.734463012048192645e-07 4.360103999999999758e+00
3.757096121212121512e-07 4.400992999999999711e+00
3.780005243902438729e-07 4.445465000000000444e+00
3.803195460122699615e-07 4.498559000000000196e+00
3.826671975308641565e-07 4.562537999999999982e+00
3.850440124223602808e-07 4.634349000000000274e+00
3.874505374999999830e-07 4.705961000000000283e+00
3.898873333333333715e-07 4.762129999999999974e+00
3.923549746835442926e-07 4.795315000000000438e+00
3.948540509554139819e-07 4.806362000000000023e+00
3.973851666666666791e-07 4.798338000000000214e+00
3.999489419354838875e-07 4.778094000000000285e+00
4.025460129870129776e-07 4.749791000000000096e+00
4.051770326797385529e-07 4.716351999999999656e+00
4.078426710526315889e-07 4.680457999999999785e+00
4.105436158940397353e-07 4.642863000000000184e+00
4.132805733333333187e-07 4.605279999999999596e+00
4.160542684563757872e-07 4.567953000000000152e+00
4.188654459459459461e-07 4.532439000000000107e+00
4.217148707482993123e-07 4.497346000000000288e+00
4.246033287671233089e-07 4.463524999999999743e+00
4.275316275862068230e-07 4.430227999999999611e+00
4.305005972222222621e-07 4.398126000000000424e+00
4.335110909090908215e-07 4.366824000000000261e+00
4.365639859154929453e-07 4.336886999999999937e+00
4.396601843971630948e-07 4.307959999999999567e+00
4.428006142857142965e-07 4.280432000000000237e+00
4.459862302158272983e-07 4.253535000000000288e+00
4.492180144927536786e-07 4.227007999999999655e+00
4.524969781021897124e-07 4.201675999999999966e+00
4.558241617647059184e-07 4.177004000000000161e+00
4.592006370370370090e-07 4.153415999999999997e+00
4.626275074626866290e-07 4.130499000000000365e+00
4.661059097744360486e-07 4.108323000000000391e+00
4.696370151515151228e-07 4.087125000000000341e+00
4.732220305343511089e-07 4.066264000000000323e+00
4.768621999999999302e-07 4.047255999999999965e+00
4.805588062015503976e-07 4.028044999999999654e+00
4.843131718749999522e-07 4.009487000000000023e+00
4.881266614173228382e-07 3.991677000000000142e+00
4.920006825396825399e-07 3.973762999999999934e+00
4.959366879999999824e-07 3.956507999999999914e+00
4.999361774193548065e-07 3.940472999999999892e+00
5.040006991869919011e-07 3.924878000000000089e+00
5.081318524590164509e-07 3.909803999999999835e+00
5.123312892561984024e-07 3.895360999999999851e+00
5.166007166666667145e-07 3.881161999999999779e+00
5.209418991596639218e-07 3.868170000000000108e+00
5.253566610169491276e-07 3.855623000000000022e+00
5.298468888888889054e-07 3.844301000000000190e+00
5.344145344827586081e-07 3.832857999999999876e+00
5.390616173913043932e-07 3.820129000000000108e+00
5.437902280701753107e-07 3.805492000000000097e+00
5.486025309734513389e-07 3.790462000000000220e+00
5.535007678571427118e-07 3.775030999999999803e+00
5.584872612612613674e-07 3.760372999999999966e+00
5.635644181818180415e-07 3.746973999999999805e+00
5.687347339449541394e-07 3.733729999999999993e+00
5.740007962962963142e-07 3.720988000000000184e+00
5.793652897196260527e-07 3.708638000000000101e+00
5.848309999999998984e-07 3.697322999999999915e+00
5.904008190476190267e-07 3.686252999999999780e+00
5.960777499999999656e-07 3.676857000000000042e+00
6.018649126213592246e-07 3.668006000000000100e+00
6.077655490196077500e-07 3.659189000000000025e+00
6.137830297029702291e-07 3.656784000000000034e+00
6.199208599999999516e-07 3.665516999999999914e+00
6.261826868686868304e-07 3.656136000000000053e+00
6.325723061224489950e-07 3.623873000000000122e+00
6.390936701030928689e-07 3.596925999999999846e+00
6.457508958333333402e-07 3.575617999999999963e+00
6.525482736842105422e-07 3.559263000000000066e+00
6.594902765957447217e-07 3.541619999999999990e+00
6.665815698924731459e-07 3.524399999999999977e+00
6.738270217391304650e-07 3.507944000000000173e+00
6.812317142857142616e-07 3.492734000000000005e+00
6.888009555555555135e-07 3.479324999999999779e+00
6.965402921348314086e-07 3.466098999999999819e+00
7.044555227272726578e-07 3.453755000000000130e+00
7.125527126436781795e-07 3.442251999999999867e+00
7.208382093023254906e-07 3.431602999999999959e+00
7.293186588235294482e-07 3.421850000000000058e+00
7.380010238095237569e-07 3.411369999999999791e+00
7.468926024096385290e-07 3.401921000000000195e+00
7.560010487804877458e-07 3.394290999999999947e+00
7.653343950617283130e-07 3.385768999999999807e+00
7.749010749999999659e-07 3.378118999999999872e+00
7.847099493670885851e-07 3.370346000000000064e+00
7.947703333333333581e-07 3.362429000000000112e+00
8.050920259740259551e-07 3.354763999999999857e+00
8.156853421052631777e-07 3.347335999999999867e+00
8.265611466666666374e-07 3.340659000000000045e+00
