2.066402866666666593e-07 1.366074999999999928e+00
2.073313913043478130e-07 1.361920000000000019e+00
2.080271342281878936e-07 1.365938000000000097e+00
2.087275622895622768e-07 1.364074999999999926e+00
2.094327229729729731e-07 1.362212999999999896e+00
2.101426644067796352e-07 1.361971000000000043e+00
2.108574353741496562e-07 1.363787000000000083e+00
2.115770853242320691e-07 1.361984000000000083e+00
2.123016643835616544e-07 1.363248000000000015e+00
2.130312233676975965e-07 1.362117999999999940e+00
2.137658137931034380e-07 1.364174999999999915e+00
2.145054878892733360e-07 1.367617000000000083e+00
2.152502986111111311e-07 1.368133000000000044e+00
2.160002996515679463e-07 1.371742000000000017e+00
2.167555454545454637e-07 1.376528999999999892e+00
2.175160912280701454e-07 1.378760999999999903e+00
2.182819929577464726e-07 1.385969999999999924e+00
2.190533074204946817e-07 1.391747000000000067e+00
2.198300921985815739e-07 1.396654999999999980e+00
2.206124056939501688e-07 1.405775999999999915e+00
2.214003071428571482e-07 1.412033000000000094e+00
2.221938566308243643e-07 1.421718000000000037e+00
2.229931151079136492e-07 1.430854999999999988e+00
2.237981444043321265e-07 1.441076999999999941e+00
2.246090072463767864e-07 1.451457999999999915e+00
2.254257672727272695e-07 1.461643999999999943e+00
2.262484890510948562e-07 1.474968000000000057e+00
2.270772380952380872e-07 1.487343999999999999e+00
2.279120808823529592e-07 1.501805999999999974e+00
2.287530848708487053e-07 1.517724999999999991e+00
2.296003185185185045e-07 1.532513000000000014e+00
2.304538513011152586e-07 1.551641000000000048e+00
2.313137537313433145e-07 1.568586000000000036e+00
2.321800973782771450e-07 1.589250999999999969e+00
2.330529548872180243e-07 1.610125000000000028e+00
2.339323999999999488e-07 1.632128000000000023e+00
2.348185075757575614e-07 1.653032999999999975e+00
2.357113536121673031e-07 1.679216000000000042e+00
2.366110152671755544e-07 1.703872999999999971e+00
2.375175708812259981e-07 1.732099000000000055e+00
2.384310999999999651e-07 1.762923000000000018e+00
2.393516833976833978e-07 1.794705999999999912e+00
2.402794031007751988e-07 1.829004000000000074e+00
2.412143424124513134e-07 1.866189000000000098e+00
2.421565859374999761e-07 1.907037000000000093e+00
2.431062196078431847e-07 1.951267000000000085e+00
2.440633307086614191e-07 2.000128999999999824e+00
2.450280079051382835e-07 2.052789999999999893e+00
2.460003412698412699e-07 2.113560000000000105e+00
2.469804223107570133e-07 2.178824999999999790e+00
2.479683439999999912e-07 2.249851000000000045e+00
2.489642008032128254e-07 2.329013999999999918e+00
2.499680887096774032e-07 2.414575000000000138e+00
2.509801052631578886e-07 2.503565000000000040e+00
2.520003495934959506e-07 2.595434000000000019e+00
2.530289224489795980e-07 2.686138000000000137e+00
2.540659262295082255e-07 2.778850999999999960e+00
2.551114650205761573e-07 2.872170000000000112e+00
2.561656446280992012e-07 2.971127000000000073e+00
2.572285726141078758e-07 3.075569000000000219e+00
2.583003583333333043e-07 3.186799000000000159e+00
2.593811129707112928e-07 3.300040999999999780e+00
2.604709495798319609e-07 3.414843999999999991e+00
2.615699831223628264e-07 3.523505999999999805e+00
2.626783305084745109e-07 3.630259000000000125e+00
2.637961106382978146e-07 3.731276999999999955e+00
2.649234444444444527e-07 3.824917999999999818e+00
2.660604549356222643e-07 3.906963000000000186e+00
2.672072672413793041e-07 3.977500000000000036e+00
2.683640086580086341e-07 4.032046000000000241e+00
2.695308086956521966e-07 4.071696000000000204e+00
2.707077991266375963e-07 4.098876999999999882e+00
2.718951140350876553e-07 4.115076000000000178e+00
2.730928898678413870e-07 4.120085000000000441e+00
2.743012654867256695e-07 4.117473999999999634e+00
2.755203822222222477e-07 4.107262000000000413e+00
2.767503839285713559e-07 4.093943999999999583e+00
2.779914170403587590e-07 4.075458000000000247e+00
2.792436306306306837e-07 4.054655999999999594e+00
2.805071764705882004e-07 4.032657000000000380e+00
2.817822090909090208e-07 4.009012000000000242e+00
2.830688858447488549e-07 3.985109000000000012e+00
2.843673669724771226e-07 3.961721999999999966e+00
2.856778156682027617e-07 3.938064999999999927e+00
2.870003981481481571e-07 3.916230000000000100e+00
2.883352837209301645e-07 3.894013000000000169e+00
2.896826448598130263e-07 3.872719000000000023e+00
2.910426572769952792e-07 3.852628000000000164e+00
2.924154999999999492e-07 3.833413999999999877e+00
2.938013554502369110e-07 3.814789000000000208e+00
2.952004095238095133e-07 3.797769000000000172e+00
2.966128516746411748e-07 3.782559000000000005e+00
2.980388749999999828e-07 3.768413999999999930e+00
2.994786763285023465e-07 3.754634999999999945e+00
3.009324563106796123e-07 3.742321000000000009e+00
3.024004195121951513e-07 3.730176999999999854e+00
3.038827745098038750e-07 3.720202000000000009e+00
3.053797339901477231e-07 3.710646999999999807e+00
3.068915148514851146e-07 3.702490000000000059e+00
3.084183383084576997e-07 3.695424000000000042e+00
3.099604299999999758e-07 3.688328999999999969e+00
3.115180201005025143e-07 3.682618999999999865e+00
3.130913434343434152e-07 3.678218999999999905e+00
3.146806395939086368e-07 3.674532999999999827e+00
3.162861530612244975e-07 3.672896000000000161e+00
3.179081333333333221e-07 3.670657999999999976e+00
3.195468350515464345e-07 3.670274000000000036e+00
3.212025181347150510e-07 3.670422999999999991e+00
3.228754479166666701e-07 3.672614999999999963e+00
3.245658952879581006e-07 3.675934999999999953e+00
3.262741368421052711e-07 3.680073000000000150e+00
3.280004550264549913e-07 3.685865999999999865e+00
3.297451382978723079e-07 3.693267000000000078e+00
3.315084812834224428e-07 3.701750999999999792e+00
3.332907849462365200e-07 3.712076000000000153e+00
3.350923567567567463e-07 3.724353999999999942e+00
3.369135108695652325e-07 3.738456999999999919e+00
3.387545683060109144e-07 3.754783999999999899e+00
3.406158571428571308e-07 3.773232999999999837e+00
3.424977127071823168e-07 3.795100000000000140e+00
3.444004777777777567e-07 3.821506999999999987e+00
3.463245027932960845e-07 3.851773999999999809e+00
3.482701460674157043e-07 3.888123000000000218e+00
3.502377740112994361e-07 3.930778000000000105e+00
3.522277613636363289e-07 3.979626999999999803e+00
3.542404914285714160e-07 4.033943999999999974e+00
3.562763563218390897e-07 4.090838999999999892e+00
3.583357572254335096e-07 4.147681000000000395e+00
3.604191046511627453e-07 4.201323999999999614e+00
3.625268187134502953e-07 4.250763000000000069e+00
3.646593294117646712e-07 4.293976999999999933e+00
3.668170769230769508e-07 4.335618000000000194e+00
3.690005119047618255e-07 4.376050000000000217e+00
3.712100958083832844e-07 4.419622000000000384e+00
3.734463012048192645e-07 4.468223000000000056e+00
3.757096121212121512e-07 4.525223000000000440e+00
3.780005243902438729e-07 4.587023000000000295e+00
3.803195460122699615e-07 4.648258000000000223e+00
3.826671975308641565e-07 4.700516000000000361e+00
3.850440124223602808e-07 4.736907999999999674e+00
3.874505374999999830e-07 4.753509000000000206e+00
3.898873333333333715e-07 4.752253999999999756e+00
3.923549746835442926e-07 4.736892000000000102e+00
3.948540509554139819e-07 4.714406999999999570e+00
3.973851666666666791e-07 4.685533999999999644e+00
3.999489419354838875e-07 4.653902999999999679e+00
4.025460129870129776e-07 4.620527000000000051e+00
4.051770326797385529e-07 4.587157000000000373e+00
4.078426710526315889e-07 4.552375999999999756e+00
4.105436158940397353e-07 4.517184999999999562e+00
4.132805733333333187e-07 4.482953000000000188e+00
4.160542684563757872e-07 4.449330999999999925e+00
4.188654459459459461e-07 4.417169999999999597e+00
4.217148707482993123e-07 4.387100000000000222e+00
4.246033287671233089e-07 4.356987000000000165e+00
4.275316275862068230e-07 4.327797000000000338e+00
4.305005972222222621e-07 4.299580999999999875e+00
4.335110909090908215e-07 4.271924000000000277e+00
4.365639859154929453e-07 4.244847000000000037e+00
4.396601843971630948e-07 4.219694999999999752e+00
4.428006142857142965e-07 4.194650000000000212e+00
4.459862302158272983e-07 4.170649000000000051e+00
4.492180144927536786e-07 4.146912999999999627e+00
4.524969781021897124e-07 4.124748000000000303e+00
4.558241617647059184e-07 4.101860000000000284e+00
4.592006370370370090e-07 4.080497000000000263e+00
4.626275074626866290e-07 4.060197999999999752e+00
4.661059097744360486e-07 4.039136000000000060e+00
4.696370151515151228e-07 4.021054999999999602e+00
4.732220305343511089e-07 4.000535000000000174e+00
4.768621999999999302e-07 3.985161999999999871e+00
4.805588062015503976e-07 3.966654000000000124e+00
4.843131718749999522e-07 3.950660000000000061e+00
4.881266614173228382e-07 3.934286000000000172e+00
4.920006825396825399e-07 3.917892999999999848e+00
4.959366879999999824e-07 3.903251000000000026e+00
4.999361774193548065e-07 3.888399999999999856e+00
5.040006991869919011e-07 3.875354000000000187e+00
5.081318524590164509e-07 3.862858999999999821e+00
5.123312892561984024e-07 3.851068000000000158e+00
5.166007166666667145e-07 3.837588999999999917e+00
5.209418991596639218e-07 3.823729999999999851e+00
5.253566610169491276e-07 3.808948000000000000e+00
5.298468888888889054e-07 3.793085000000000040e+00
5.344145344827586081e-07 3.776980000000000004e+00
5.390616173913043932e-07 3.760669000000000040e+00
5.437902280701753107e-07 3.746329999999999938e+00
5.486025309734513389e-07 3.732070000000000221e+00
5.535007678571427118e-07 3.718942000000000192e+00
5.584872612612613674e-07 3.706141999999999825e+00
5.635644181818180415e-07 3.695594999999999963e+00
5.687347339449541394e-07 3.685715000000000074e+00
5.740007962962963142e-07 3.675996000000000041e+00
5.793652897196260527e-07 3.666405999999999832e+00
5.848309999999998984e-07 3.660419999999999785e+00
5.904008190476190267e-07 3.664293999999999940e+00
5.960777499999999656e-07 3.663731999999999989e+00
6.018649126213592246e-07 3.635743000000000169e+00
6.077655490196077500e-07 3.606637000000000093e+00
6.137830297029702291e-07 3.578078000000000092e+00
6.199208599999999516e-07 3.557932999999999790e+00
6.261826868686868304e-07 3.537910000000000110e+00
6.325723061224489950e-07 3.522043000000000035e+00
6.390936701030928689e-07 3.507756999999999792e+00
6.457508958333333402e-07 3.493018000000000178e+00
6.525482736842105422e-07 3.476945000000000174e+00
6.594902765957447217e-07 3.462101000000000095e+00
6.665815698924731459e-07 3.451276000000000010e+00
6.738270217391304650e-07 3.439486000000000043e+00
6.812317142857142616e-07 3.427795000000000147e+00
6.888009555555555135e-07 3.416933999999999916e+00
6.965402921348314086e-07 3.407061000000000117e+00
7.044555227272726578e-07 3.396722000000000019e+00
7.125527126436781795e-07 3.385266999999999804e+00
7.208382093023254906e-07 3.375497000000000192e+00
7.293186588235294482e-07 3.368104000000000209e+00
7.380010238095237569e-07 3.360555000000000181e+00
7.468926024096385290e-07 3.352038999999999991e+00
7.560010487804877458e-07 3.343385000000000051e+00
7.653343950617283130e-07 3.336364000000000107e+00
7.749010749999999659e-07 3.328519000000000005e+00
7.847099493670885851e-07 3.320047000000000192e+00
7.947703333333333581e-07 3.311977999999999867e+00
8.050920259740259551e-07 3.303345999999999894e+00
8.156853421052631777e-07 3.293019999999999836e+00
8.265611466666666374e-07 3.283291000000000182e+00
