2.066402866666666593e-07 1.385224999999999929e+00
2.073313913043478130e-07 1.374257999999999980e+00
2.080271342281878936e-07 1.384733999999999909e+00
2.087275622895622768e-07 1.376025000000000054e+00
2.094327229729729731e-07 1.371329000000000020e+00
2.101426644067796352e-07 1.370381000000000071e+00
2.108574353741496562e-07 1.371221999999999941e+00
2.115770853242320691e-07 1.369108999999999909e+00
2.123016643835616544e-07 1.365844999999999976e+00
2.130312233676975965e-07 1.368103000000000069e+00
2.137658137931034380e-07 1.370398999999999923e+00
2.145054878892733360e-07 1.374117000000000033e+00
2.152502986111111311e-07 1.378678999999999988e+00
2.160002996515679463e-07 1.379968000000000083e+00
2.167555454545454637e-07 1.386098999999999970e+00
2.175160912280701454e-07 1.389102999999999977e+00
2.182819929577464726e-07 1.392682999999999893e+00
2.190533074204946817e-07 1.398576000000000041e+00
2.198300921985815739e-07 1.407002000000000086e+00
2.206124056939501688e-07 1.411969000000000030e+00
2.214003071428571482e-07 1.421944000000000097e+00
2.221938566308243643e-07 1.430881999999999987e+00
2.229931151079136492e-07 1.442352000000000078e+00
2.237981444043321265e-07 1.452396999999999938e+00
2.246090072463767864e-07 1.462566000000000033e+00
2.254257672727272695e-07 1.474965999999999999e+00
2.262484890510948562e-07 1.489506999999999914e+00
2.270772380952380872e-07 1.502823000000000020e+00
2.279120808823529592e-07 1.517406000000000033e+00
2.287530848708487053e-07 1.535179000000000071e+00
2.296003185185185045e-07 1.553444999999999965e+00
2.304538513011152586e-07 1.572100999999999971e+00
2.313137537313433145e-07 1.591966999999999910e+00
2.321800973782771450e-07 1.614158999999999899e+00
2.330529548872180243e-07 1.636471999999999927e+00
2.339323999999999488e-07 1.660495000000000054e+00
2.348185075757575614e-07 1.685980999999999952e+00
2.357113536121673031e-07 1.712688999999999906e+00
2.366110152671755544e-07 1.740410000000000013e+00
2.375175708812259981e-07 1.772575000000000012e+00
2.384310999999999651e-07 1.804969000000000046e+00
2.393516833976833978e-07 1.838843000000000005e+00
2.402794031007751988e-07 1.877277000000000085e+00
2.412143424124513134e-07 1.917906000000000111e+00
2.421565859374999761e-07 1.961214999999999931e+00
2.431062196078431847e-07 2.007102000000000164e+00
2.440633307086614191e-07 2.056890000000000107e+00
2.450280079051382835e-07 2.112111000000000072e+00
2.460003412698412699e-07 2.171530999999999878e+00
2.469804223107570133e-07 2.237239000000000200e+00
2.479683439999999912e-07 2.304432999999999954e+00
2.489642008032128254e-07 2.382585999999999871e+00
2.499680887096774032e-07 2.465826999999999991e+00
2.509801052631578886e-07 2.554781000000000191e+00
2.520003495934959506e-07 2.646447000000000216e+00
2.530289224489795980e-07 2.739933999999999870e+00
2.540659262295082255e-07 2.831516000000000144e+00
2.551114650205761573e-07 2.924021999999999899e+00
2.561656446280992012e-07 3.015902999999999778e+00
2.572285726141078758e-07 3.113372000000000028e+00
2.583003583333333043e-07 3.220661000000000218e+00
2.593811129707112928e-07 3.335020999999999791e+00
2.604709495798319609e-07 3.452326999999999924e+00
2.615699831223628264e-07 3.561469000000000218e+00
2.626783305084745109e-07 3.665421999999999958e+00
2.637961106382978146e-07 3.762420999999999793e+00
2.649234444444444527e-07 3.858093999999999912e+00
2.660604549356222643e-07 3.947090999999999905e+00
2.672072672413793041e-07 4.022406000000000148e+00
2.683640086580086341e-07 4.079856000000000371e+00
2.695308086956521966e-07 4.120320000000000427e+00
2.707077991266375963e-07 4.144351000000000340e+00
2.718951140350876553e-07 4.155109999999999637e+00
2.730928898678413870e-07 4.152895000000000003e+00
2.743012654867256695e-07 4.142706000000000444e+00
2.755203822222222477e-07 4.127392000000000394e+00
2.767503839285713559e-07 4.109149000000000385e+00
2.779914170403587590e-07 4.085380999999999929e+00
2.792436306306306837e-07 4.064619999999999678e+00
2.805071764705882004e-07 4.039886000000000088e+00
2.817822090909090208e-07 4.014852999999999561e+00
2.830688858447488549e-07 3.990314999999999834e+00
2.843673669724771226e-07 3.967858999999999803e+00
2.856778156682027617e-07 3.946848000000000134e+00
2.870003981481481571e-07 3.923827000000000176e+00
2.883352837209301645e-07 3.903262999999999927e+00
2.896826448598130263e-07 3.883119999999999905e+00
2.910426572769952792e-07 3.864342000000000166e+00
2.924154999999999492e-07 3.847849000000000075e+00
2.938013554502369110e-07 3.831182000000000087e+00
2.952004095238095133e-07 3.815386000000000166e+00
2.966128516746411748e-07 3.801772000000000151e+00
2.980388749999999828e-07 3.789471999999999952e+00
2.994786763285023465e-07 3.777938999999999936e+00
3.009324563106796123e-07 3.767933999999999894e+00
3.024004195121951513e-07 3.758202999999999960e+00
3.038827745098038750e-07 3.750321000000000016e+00
3.053797339901477231e-07 3.743139999999999912e+00
3.068915148514851146e-07 3.737051000000000123e+00
3.084183383084576997e-07 3.731780000000000097e+00
3.099604299999999758e-07 3.728464999999999918e+00
3.115180201005025143e-07 3.725172999999999845e+00
3.130913434343434152e-07 3.722029000000000032e+00
3.146806395939086368e-07 3.722341000000000122e+00
3.162861530612244975e-07 3.722875999999999852e+00
3.179081333333333221e-07 3.724957999999999991e+00
3.195468350515464345e-07 3.726697999999999844e+00
3.212025181347150510e-07 3.730421999999999905e+00
3.228754479166666701e-07 3.736164000000000041e+00
3.245658952879581006e-07 3.743021999999999849e+00
3.262741368421052711e-07 3.750491999999999937e+00
3.280004550264549913e-07 3.760457999999999856e+00
3.297451382978723079e-07 3.772775000000000212e+00
3.315084812834224428e-07 3.785722999999999949e+00
3.332907849462365200e-07 3.802875999999999923e+00
3.350923567567567463e-07 3.821569000000000216e+00
3.369135108695652325e-07 3.844158000000000186e+00
3.387545683060109144e-07 3.870413000000000103e+00
3.406158571428571308e-07 3.901108999999999938e+00
3.424977127071823168e-07 3.937127999999999961e+00
3.444004777777777567e-07 3.976709000000000049e+00
3.463245027932960845e-07 4.022797999999999874e+00
3.482701460674157043e-07 4.071405000000000385e+00
3.502377740112994361e-07 4.124471999999999916e+00
3.522277613636363289e-07 4.174007999999999718e+00
3.542404914285714160e-07 4.223798999999999637e+00
3.562763563218390897e-07 4.268652999999999587e+00
3.583357572254335096e-07 4.310674999999999812e+00
3.604191046511627453e-07 4.347286999999999679e+00
3.625268187134502953e-07 4.386252999999999957e+00
3.646593294117646712e-07 4.429289999999999949e+00
3.668170769230769508e-07 4.478403000000000134e+00
3.690005119047618255e-07 4.528400999999999677e+00
3.712100958083832844e-07 4.581171999999999578e+00
3.734463012048192645e-07 4.627393999999999785e+00
3.757096121212121512e-07 4.665543999999999691e+00
3.780005243902438729e-07 4.687292000000000236e+00
3.803195460122699615e-07 4.693222999999999701e+00
3.826671975308641565e-07 4.687281999999999726e+00
3.850440124223602808e-07 4.672042000000000250e+00
3.874505374999999830e-07 4.649353999999999765e+00
3.898873333333333715e-07 4.621711999999999598e+00
3.923549746835442926e-07 4.591393000000000058e+00
3.948540509554139819e-07 4.560559999999999725e+00
3.973851666666666791e-07 4.528397000000000006e+00
3.999489419354838875e-07 4.497122000000000064e+00
4.025460129870129776e-07 4.465660999999999881e+00
4.051770326797385529e-07 4.433849999999999625e+00
4.078426710526315889e-07 4.403280999999999779e+00
4.105436158940397353e-07 4.372625000000000206e+00
4.132805733333333187e-07 4.342584999999999695e+00
4.160542684563757872e-07 4.314282000000000394e+00
4.188654459459459461e-07 4.286847999999999992e+00
4.217148707482993123e-07 4.260180000000000078e+00
4.246033287671233089e-07 4.234073999999999671e+00
4.275316275862068230e-07 4.208446999999999605e+00
4.305005972222222621e-07 4.183882999999999797e+00
4.335110909090908215e-07 4.159879000000000104e+00
4.365639859154929453e-07 4.136237000000000386e+00
4.396601843971630948e-07 4.114053000000000182e+00
4.428006142857142965e-07 4.092285999999999646e+00
4.459862302158272983e-07 4.071240999999999666e+00
4.492180144927536786e-07 4.050704999999999778e+00
4.524969781021897124e-07 4.030975999999999893e+00
4.558241617647059184e-07 4.010937000000000197e+00
4.592006370370370090e-07 3.992135000000000211e+00
4.626275074626866290e-07 3.973951000000000011e+00
4.661059097744360486e-07 3.955724000000000018e+00
4.696370151515151228e-07 3.940379000000000076e+00
4.732220305343511089e-07 3.922629999999999839e+00
4.768621999999999302e-07 3.908457999999999988e+00
4.805588062015503976e-07 3.892850999999999839e+00
4.843131718749999522e-07 3.879821000000000186e+00
4.881266614173228382e-07 3.866013000000000144e+00
4.920006825396825399e-07 3.851920999999999928e+00
4.959366879999999824e-07 3.837229999999999919e+00
4.999361774193548065e-07 3.821047999999999778e+00
5.040006991869919011e-07 3.804985999999999979e+00
5.081318524590164509e-07 3.788861999999999952e+00
5.123312892561984024e-07 3.773172000000000192e+00
5.166007166666667145e-07 3.757897999999999961e+00
5.209418991596639218e-07 3.743133999999999961e+00
5.253566610169491276e-07 3.729324000000000083e+00
5.298468888888889054e-07 3.715056000000000136e+00
5.344145344827586081e-07 3.702201000000000075e+00
5.390616173913043932e-07 3.689906999999999826e+00
5.437902280701753107e-07 3.678383000000000180e+00
5.486025309734513389e-07 3.669134000000000118e+00
5.535007678571427118e-07 3.665525999999999840e+00
5.584872612612613674e-07 3.664943000000000062e+00
5.635644181818180415e-07 3.658078000000000163e+00
5.687347339449541394e-07 3.637996999999999925e+00
5.740007962962963142e-07 3.613367000000000218e+00
5.793652897196260527e-07 3.589503000000000110e+00
5.848309999999998984e-07 3.566282000000000174e+00
5.904008190476190267e-07 3.546015999999999835e+00
5.960777499999999656e-07 3.526909999999999989e+00
6.018649126213592246e-07 3.512735999999999859e+00
6.077655490196077500e-07 3.495271999999999935e+00
6.137830297029702291e-07 3.481081000000000092e+00
6.199208599999999516e-07 3.466457000000000122e+00
6.261826868686868304e-07 3.452872999999999859e+00
6.325723061224489950e-07 3.440354999999999830e+00
6.390936701030928689e-07 3.428888000000000158e+00
6.457508958333333402e-07 3.415963999999999778e+00
6.525482736842105422e-07 3.404558000000000195e+00
6.594902765957447217e-07 3.394827999999999957e+00
6.665815698924731459e-07 3.381505000000000205e+00
6.738270217391304650e-07 3.371871000000000063e+00
6.812317142857142616e-07 3.362899999999999778e+00
6.888009555555555135e-07 3.353509999999999991e+00
6.965402921348314086e-07 3.343875999999999848e+00
7.044555227272726578e-07 3.335228999999999999e+00
7.125527126436781795e-07 3.327519999999999811e+00
7.208382093023254906e-07 3.320059000000000093e+00
7.293186588235294482e-07 3.312568999999999875e+00
7.380010238095237569e-07 3.304260999999999893e+00
7.468926024096385290e-07 3.296724999999999905e+00
7.560010487804877458e-07 3.289162000000000141e+00
7.653343950617283130e-07 3.281543999999999794e+00
7.749010749999999659e-07 3.274344000000000143e+00
7.847099493670885851e-07 3.267233000000000054e+00
7.947703333333333581e-07 3.258976000000000095e+00
8.050920259740259551e-07 3.251027999999999807e+00
8.156853421052631777e-07 3.244099999999999984e+00
8.265611466666666374e-07 3.237283000000000133e+00
