2.066402866666666593e-07 1.377134999999999998e+00
2.073313913043478130e-07 1.363393000000000077e+00
2.080271342281878936e-07 1.372884999999999911e+00
2.087275622895622768e-07 1.371423000000000059e+00
2.094327229729729731e-07 1.367674999999999974e+00
2.101426644067796352e-07 1.366055000000000019e+00
2.108574353741496562e-07 1.363361999999999963e+00
2.115770853242320691e-07 1.365966999999999931e+00
2.123016643835616544e-07 1.363544000000000089e+00
2.130312233676975965e-07 1.363415000000000044e+00
2.137658137931034380e-07 1.365186999999999928e+00
2.145054878892733360e-07 1.368327999999999989e+00
2.152502986111111311e-07 1.368309999999999915e+00
2.160002996515679463e-07 1.368630999999999931e+00
2.167555454545454637e-07 1.371480999999999950e+00
2.175160912280701454e-07 1.374754999999999949e+00
2.182819929577464726e-07 1.381097999999999937e+00
2.190533074204946817e-07 1.383623999999999965e+00
2.198300921985815739e-07 1.393912000000000040e+00
2.206124056939501688e-07 1.399340000000000028e+00
2.214003071428571482e-07 1.407027000000000028e+00
2.221938566308243643e-07 1.415664000000000033e+00
2.229931151079136492e-07 1.426166999999999963e+00
2.237981444043321265e-07 1.436750999999999889e+00
2.246090072463767864e-07 1.447588000000000097e+00
2.254257672727272695e-07 1.461456000000000088e+00
2.262484890510948562e-07 1.473764999999999992e+00
2.270772380952380872e-07 1.489667999999999992e+00
2.279120808823529592e-07 1.505865000000000009e+00
2.287530848708487053e-07 1.523991000000000096e+00
2.296003185185185045e-07 1.544340000000000046e+00
2.304538513011152586e-07 1.562270000000000048e+00
2.313137537313433145e-07 1.585004000000000079e+00
2.321800973782771450e-07 1.608182000000000000e+00
2.330529548872180243e-07 1.633372999999999964e+00
2.339323999999999488e-07 1.661545999999999967e+00
2.348185075757575614e-07 1.690426999999999902e+00
2.357113536121673031e-07 1.721195999999999948e+00
2.366110152671755544e-07 1.756321999999999939e+00
2.375175708812259981e-07 1.788672000000000040e+00
2.384310999999999651e-07 1.828354000000000035e+00
2.393516833976833978e-07 1.867267999999999928e+00
2.402794031007751988e-07 1.909389999999999921e+00
2.412143424124513134e-07 1.953265000000000029e+00
2.421565859374999761e-07 1.999573000000000045e+00
2.431062196078431847e-07 2.048957999999999835e+00
2.440633307086614191e-07 2.101167999999999925e+00
2.450280079051382835e-07 2.156604999999999883e+00
2.460003412698412699e-07 2.216190000000000104e+00
2.469804223107570133e-07 2.282621999999999929e+00
2.479683439999999912e-07 2.354334000000000149e+00
2.489642008032128254e-07 2.430991000000000124e+00
2.499680887096774032e-07 2.512696000000000041e+00
2.509801052631578886e-07 2.598624000000000045e+00
2.520003495934959506e-07 2.686939000000000188e+00
2.530289224489795980e-07 2.776743000000000183e+00
2.540659262295082255e-07 2.862566000000000166e+00
2.551114650205761573e-07 2.948754000000000097e+00
2.561656446280992012e-07 3.032821999999999907e+00
2.572285726141078758e-07 3.118955999999999840e+00
2.583003583333333043e-07 3.213557000000000219e+00
2.593811129707112928e-07 3.320562999999999931e+00
2.604709495798319609e-07 3.438576999999999995e+00
2.615699831223628264e-07 3.554804999999999993e+00
2.626783305084745109e-07 3.661106000000000193e+00
2.637961106382978146e-07 3.758303000000000171e+00
2.649234444444444527e-07 3.850671000000000177e+00
2.660604549356222643e-07 3.938407000000000213e+00
2.672072672413793041e-07 4.023728000000000193e+00
2.683640086580086341e-07 4.095055000000000334e+00
2.695308086956521966e-07 4.144159000000000148e+00
2.707077991266375963e-07 4.171100000000000030e+00
2.718951140350876553e-07 4.178471000000000046e+00
2.730928898678413870e-07 4.173646999999999885e+00
2.743012654867256695e-07 4.159983000000000430e+00
2.755203822222222477e-07 4.141849999999999810e+00
2.767503839285713559e-07 4.118854999999999933e+00
2.779914170403587590e-07 4.096066999999999680e+00
2.792436306306306837e-07 4.073813999999999602e+00
2.805071764705882004e-07 4.051201999999999970e+00
2.817822090909090208e-07 4.028190999999999633e+00
2.830688858447488549e-07 4.006221000000000032e+00
2.843673669724771226e-07 3.985904000000000114e+00
2.856778156682027617e-07 3.966406000000000098e+00
2.870003981481481571e-07 3.949190000000000200e+00
2.883352837209301645e-07 3.932087000000000110e+00
2.896826448598130263e-07 3.915780999999999956e+00
2.910426572769952792e-07 3.901949999999999807e+00
2.924154999999999492e-07 3.888663999999999898e+00
2.938013554502369110e-07 3.877402000000000015e+00
2.952004095238095133e-07 3.867691000000000212e+00
2.966128516746411748e-07 3.858624999999999972e+00
2.980388749999999828e-07 3.850830000000000197e+00
2.994786763285023465e-07 3.844844000000000150e+00
3.009324563106796123e-07 3.839965999999999990e+00
3.024004195121951513e-07 3.835430999999999813e+00
3.038827745098038750e-07 3.832917000000000129e+00
3.053797339901477231e-07 3.831834000000000184e+00
3.068915148514851146e-07 3.831881999999999788e+00
3.084183383084576997e-07 3.832739000000000118e+00
3.099604299999999758e-07 3.835509000000000057e+00
3.115180201005025143e-07 3.838846999999999898e+00
3.130913434343434152e-07 3.844158000000000186e+00
3.146806395939086368e-07 3.850842999999999794e+00
3.162861530612244975e-07 3.858978000000000019e+00
3.179081333333333221e-07 3.868164999999999853e+00
3.195468350515464345e-07 3.879824999999999857e+00
3.212025181347150510e-07 3.892624000000000084e+00
3.228754479166666701e-07 3.908180999999999905e+00
3.245658952879581006e-07 3.926296999999999926e+00
3.262741368421052711e-07 3.946652999999999967e+00
3.280004550264549913e-07 3.969540999999999986e+00
3.297451382978723079e-07 3.998117000000000143e+00
3.315084812834224428e-07 4.028811000000000142e+00
3.332907849462365200e-07 4.064143999999999757e+00
3.350923567567567463e-07 4.103163000000000338e+00
3.369135108695652325e-07 4.145131000000000121e+00
3.387545683060109144e-07 4.189227999999999952e+00
3.406158571428571308e-07 4.233881000000000228e+00
3.424977127071823168e-07 4.277790000000000425e+00
3.444004777777777567e-07 4.318926000000000265e+00
3.463245027932960845e-07 4.357160999999999618e+00
3.482701460674157043e-07 4.393078000000000038e+00
3.502377740112994361e-07 4.428376000000000090e+00
3.522277613636363289e-07 4.464165000000000383e+00
3.542404914285714160e-07 4.502021000000000051e+00
3.562763563218390897e-07 4.541287999999999769e+00
3.583357572254335096e-07 4.580222000000000016e+00
3.604191046511627453e-07 4.616443000000000296e+00
3.625268187134502953e-07 4.646221999999999852e+00
3.646593294117646712e-07 4.665295999999999665e+00
3.668170769230769508e-07 4.673051000000000066e+00
3.690005119047618255e-07 4.670139999999999958e+00
3.712100958083832844e-07 4.657458000000000098e+00
3.734463012048192645e-07 4.638262000000000107e+00
3.757096121212121512e-07 4.614607000000000347e+00
3.780005243902438729e-07 4.588001000000000218e+00
3.803195460122699615e-07 4.559487999999999985e+00
3.826671975308641565e-07 4.531248999999999860e+00
3.850440124223602808e-07 4.501599999999999824e+00
3.874505374999999830e-07 4.471116000000000312e+00
3.898873333333333715e-07 4.440237999999999907e+00
3.923549746835442926e-07 4.410341999999999985e+00
3.948540509554139819e-07 4.380959999999999965e+00
3.973851666666666791e-07 4.352527000000000257e+00
3.999489419354838875e-07 4.325249999999999595e+00
4.025460129870129776e-07 4.298403000000000418e+00
4.051770326797385529e-07 4.272031000000000134e+00
4.078426710526315889e-07 4.245878000000000263e+00
4.105436158940397353e-07 4.220362999999999865e+00
4.132805733333333187e-07 4.195781000000000205e+00
4.160542684563757872e-07 4.171794000000000224e+00
4.188654459459459461e-07 4.148583999999999605e+00
4.217148707482993123e-07 4.126452999999999705e+00
4.246033287671233089e-07 4.104574000000000389e+00
4.275316275862068230e-07 4.083842999999999890e+00
4.305005972222222621e-07 4.063702000000000147e+00
4.335110909090908215e-07 4.043631999999999671e+00
4.365639859154929453e-07 4.023981000000000030e+00
4.396601843971630948e-07 4.005334999999999646e+00
4.428006142857142965e-07 3.987445000000000128e+00
4.459862302158272983e-07 3.970105999999999913e+00
4.492180144927536786e-07 3.952776000000000067e+00
4.524969781021897124e-07 3.936951000000000089e+00
4.558241617647059184e-07 3.921514999999999862e+00
4.592006370370370090e-07 3.906394000000000144e+00
4.626275074626866290e-07 3.890543999999999780e+00
4.661059097744360486e-07 3.873108000000000217e+00
4.696370151515151228e-07 3.856529999999999792e+00
4.732220305343511089e-07 3.838754999999999917e+00
4.768621999999999302e-07 3.822992000000000168e+00
4.805588062015503976e-07 3.806046999999999958e+00
4.843131718749999522e-07 3.790494999999999948e+00
4.881266614173228382e-07 3.775113000000000163e+00
4.920006825396825399e-07 3.759742999999999835e+00
4.959366879999999824e-07 3.745496999999999854e+00
4.999361774193548065e-07 3.731768999999999892e+00
5.040006991869919011e-07 3.719300000000000050e+00
5.081318524590164509e-07 3.708238999999999841e+00
5.123312892561984024e-07 3.699733999999999856e+00
5.166007166666667145e-07 3.695895999999999848e+00
5.209418991596639218e-07 3.691432999999999964e+00
5.253566610169491276e-07 3.673775000000000013e+00
5.298468888888889054e-07 3.646602000000000121e+00
5.344145344827586081e-07 3.619301999999999797e+00
5.390616173913043932e-07 3.594663000000000164e+00
5.437902280701753107e-07 3.571851000000000109e+00
5.486025309734513389e-07 3.551947999999999883e+00
5.535007678571427118e-07 3.533335000000000115e+00
5.584872612612613674e-07 3.517465000000000064e+00
5.635644181818180415e-07 3.500395000000000145e+00
5.687347339449541394e-07 3.484633000000000091e+00
5.740007962962963142e-07 3.468675999999999870e+00
5.793652897196260527e-07 3.453019999999999978e+00
5.848309999999998984e-07 3.438880999999999855e+00
5.904008190476190267e-07 3.424637000000000153e+00
5.960777499999999656e-07 3.410006000000000093e+00
6.018649126213592246e-07 3.396898000000000195e+00
6.077655490196077500e-07 3.383970999999999840e+00
6.137830297029702291e-07 3.372608000000000050e+00
6.199208599999999516e-07 3.360539000000000165e+00
6.261826868686868304e-07 3.348200999999999983e+00
6.325723061224489950e-07 3.337631000000000014e+00
6.390936701030928689e-07 3.326241000000000003e+00
6.457508958333333402e-07 3.315723999999999894e+00
6.525482736842105422e-07 3.305753000000000164e+00
6.594902765957447217e-07 3.295685999999999893e+00
6.665815698924731459e-07 3.286531000000000091e+00
6.738270217391304650e-07 3.278726999999999947e+00
6.812317142857142616e-07 3.269528999999999908e+00
6.888009555555555135e-07 3.261391999999999847e+00
6.965402921348314086e-07 3.253798000000000190e+00
7.044555227272726578e-07 3.246089000000000002e+00
7.125527126436781795e-07 3.239024000000000125e+00
7.208382093023254906e-07 3.231519000000000030e+00
7.293186588235294482e-07 3.224549999999999805e+00
7.380010238095237569e-07 3.216858000000000217e+00
7.468926024096385290e-07 3.209214999999999929e+00
7.560010487804877458e-07 3.202135000000000176e+00
7.653343950617283130e-07 3.194570000000000132e+00
7.749010749999999659e-07 3.187685999999999797e+00
7.847099493670885851e-07 3.180734000000000172e+00
7.947703333333333581e-07 3.173766000000000087e+00
8.050920259740259551e-07 3.166786999999999797e+00
8.156853421052631777e-07 3.159790000000000099e+00
8.265611466666666374e-07 3.152776999999999941e+00
