2.066402866666666593e-07 1.367729999999999890e+00
2.073313913043478130e-07 1.366705999999999976e+00
2.080271342281878936e-07 1.363512999999999975e+00
2.087275622895622768e-07 1.363850000000000007e+00
2.094327229729729731e-07 1.361771000000000065e+00
2.101426644067796352e-07 1.360298999999999925e+00
2.108574353741496562e-07 1.355456999999999912e+00
2.115770853242320691e-07 1.358508999999999967e+00
2.123016643835616544e-07 1.360557000000000016e+00
2.130312233676975965e-07 1.356780000000000097e+00
2.137658137931034380e-07 1.353671999999999986e+00
2.145054878892733360e-07 1.357825999999999977e+00
2.152502986111111311e-07 1.360648000000000080e+00
2.160002996515679463e-07 1.365026999999999990e+00
2.167555454545454637e-07 1.365156999999999954e+00
2.175160912280701454e-07 1.368878999999999957e+00
2.182819929577464726e-07 1.372644999999999893e+00
2.190533074204946817e-07 1.379928000000000043e+00
2.198300921985815739e-07 1.383415000000000061e+00
2.206124056939501688e-07 1.390509999999999913e+00
2.214003071428571482e-07 1.398541999999999952e+00
2.221938566308243643e-07 1.406064999999999898e+00
2.229931151079136492e-07 1.414500000000000091e+00
2.237981444043321265e-07 1.424393999999999938e+00
2.246090072463767864e-07 1.435944000000000109e+00
2.254257672727272695e-07 1.447532999999999959e+00
2.262484890510948562e-07 1.461009999999999920e+00
2.270772380952380872e-07 1.475797000000000025e+00
2.279120808823529592e-07 1.490617000000000081e+00
2.287530848708487053e-07 1.507600999999999969e+00
2.296003185185185045e-07 1.528184999999999905e+00
2.304538513011152586e-07 1.549183999999999894e+00
2.313137537313433145e-07 1.573706000000000049e+00
2.321800973782771450e-07 1.599736999999999965e+00
2.330529548872180243e-07 1.629321999999999937e+00
2.339323999999999488e-07 1.660722000000000032e+00
2.348185075757575614e-07 1.694997000000000087e+00
2.357113536121673031e-07 1.732780999999999905e+00
2.366110152671755544e-07 1.771878000000000064e+00
2.375175708812259981e-07 1.812821000000000016e+00
2.384310999999999651e-07 1.857134000000000063e+00
2.393516833976833978e-07 1.902587999999999946e+00
2.402794031007751988e-07 1.951163999999999898e+00
2.412143424124513134e-07 2.001701999999999870e+00
2.421565859374999761e-07 2.055128999999999984e+00
2.431062196078431847e-07 2.110081000000000095e+00
2.440633307086614191e-07 2.167774999999999785e+00
2.450280079051382835e-07 2.226577999999999946e+00
2.460003412698412699e-07 2.289518999999999860e+00
2.469804223107570133e-07 2.355277000000000065e+00
2.479683439999999912e-07 2.425724999999999909e+00
2.489642008032128254e-07 2.501001000000000030e+00
2.499680887096774032e-07 2.581557000000000102e+00
2.509801052631578886e-07 2.664463000000000026e+00
2.520003495934959506e-07 2.749063000000000034e+00
2.530289224489795980e-07 2.833130000000000148e+00
2.540659262295082255e-07 2.914521999999999835e+00
2.551114650205761573e-07 2.996081999999999912e+00
2.561656446280992012e-07 3.073596999999999912e+00
2.572285726141078758e-07 3.151823999999999959e+00
2.583003583333333043e-07 3.232730000000000103e+00
2.593811129707112928e-07 3.322135999999999978e+00
2.604709495798319609e-07 3.424154000000000142e+00
2.615699831223628264e-07 3.537802999999999809e+00
2.626783305084745109e-07 3.651114999999999888e+00
2.637961106382978146e-07 3.750522000000000133e+00
2.649234444444444527e-07 3.837581999999999827e+00
2.660604549356222643e-07 3.912059999999999871e+00
2.672072672413793041e-07 3.983938000000000201e+00
2.683640086580086341e-07 4.052368999999999666e+00
2.695308086956521966e-07 4.106817000000000384e+00
2.707077991266375963e-07 4.139107000000000092e+00
2.718951140350876553e-07 4.150103999999999793e+00
2.730928898678413870e-07 4.145311999999999664e+00
2.743012654867256695e-07 4.131001000000000367e+00
2.755203822222222477e-07 4.111799000000000426e+00
2.767503839285713559e-07 4.089559000000000388e+00
2.779914170403587590e-07 4.067287999999999570e+00
2.792436306306306837e-07 4.045512999999999693e+00
2.805071764705882004e-07 4.024507999999999974e+00
2.817822090909090208e-07 4.003804999999999836e+00
2.830688858447488549e-07 3.985285999999999884e+00
2.843673669724771226e-07 3.968649000000000093e+00
2.856778156682027617e-07 3.953465000000000007e+00
2.870003981481481571e-07 3.939252000000000198e+00
2.883352837209301645e-07 3.927480000000000082e+00
2.896826448598130263e-07 3.916427999999999798e+00
2.910426572769952792e-07 3.908104999999999940e+00
2.924154999999999492e-07 3.901984999999999815e+00
2.938013554502369110e-07 3.896514999999999951e+00
2.952004095238095133e-07 3.893318999999999974e+00
2.966128516746411748e-07 3.891694000000000209e+00
2.980388749999999828e-07 3.892527999999999988e+00
2.994786763285023465e-07 3.894083999999999879e+00
3.009324563106796123e-07 3.898038000000000114e+00
3.024004195121951513e-07 3.903662999999999883e+00
3.038827745098038750e-07 3.911214000000000190e+00
3.053797339901477231e-07 3.920773000000000064e+00
3.068915148514851146e-07 3.932444999999999968e+00
3.084183383084576997e-07 3.945930999999999855e+00
3.099604299999999758e-07 3.962048999999999932e+00
3.115180201005025143e-07 3.980024999999999924e+00
3.130913434343434152e-07 4.000174999999999592e+00
3.146806395939086368e-07 4.023803000000000019e+00
3.162861530612244975e-07 4.049469000000000207e+00
3.179081333333333221e-07 4.077943999999999569e+00
3.195468350515464345e-07 4.110074000000000005e+00
3.212025181347150510e-07 4.145120000000000360e+00
3.228754479166666701e-07 4.183634999999999771e+00
3.245658952879581006e-07 4.224420000000000286e+00
3.262741368421052711e-07 4.266706000000000110e+00
3.280004550264549913e-07 4.309441999999999773e+00
3.297451382978723079e-07 4.350698000000000398e+00
3.315084812834224428e-07 4.390662999999999982e+00
3.332907849462365200e-07 4.427999999999999936e+00
3.350923567567567463e-07 4.462546999999999819e+00
3.369135108695652325e-07 4.494830000000000325e+00
3.387545683060109144e-07 4.524928000000000061e+00
3.406158571428571308e-07 4.555778000000000105e+00
3.424977127071823168e-07 4.585759999999999614e+00
3.444004777777777567e-07 4.613388999999999740e+00
3.463245027932960845e-07 4.642559999999999576e+00
3.482701460674157043e-07 4.657414000000000165e+00
3.502377740112994361e-07 4.668477000000000210e+00
3.522277613636363289e-07 4.672392999999999574e+00
3.542404914285714160e-07 4.666500000000000092e+00
3.562763563218390897e-07 4.653929999999999900e+00
3.583357572254335096e-07 4.636008999999999602e+00
3.604191046511627453e-07 4.613458999999999754e+00
3.625268187134502953e-07 4.588688000000000322e+00
3.646593294117646712e-07 4.561717999999999940e+00
3.668170769230769508e-07 4.531852999999999909e+00
3.690005119047618255e-07 4.502513999999999683e+00
3.712100958083832844e-07 4.472732999999999848e+00
3.734463012048192645e-07 4.442775000000000141e+00
3.757096121212121512e-07 4.413115000000000343e+00
3.780005243902438729e-07 4.384968999999999895e+00
3.803195460122699615e-07 4.357731000000000243e+00
3.826671975308641565e-07 4.330486999999999753e+00
3.850440124223602808e-07 4.303157999999999817e+00
3.874505374999999830e-07 4.277103000000000321e+00
3.898873333333333715e-07 4.250989999999999824e+00
3.923549746835442926e-07 4.226199000000000261e+00
3.948540509554139819e-07 4.201487000000000194e+00
3.973851666666666791e-07 4.177989000000000175e+00
3.999489419354838875e-07 4.154937999999999576e+00
4.025460129870129776e-07 4.132859999999999978e+00
4.051770326797385529e-07 4.111485000000000056e+00
4.078426710526315889e-07 4.090594000000000285e+00
4.105436158940397353e-07 4.069854000000000305e+00
4.132805733333333187e-07 4.050423999999999580e+00
4.160542684563757872e-07 4.031246999999999581e+00
4.188654459459459461e-07 4.012776999999999816e+00
4.217148707482993123e-07 3.995357999999999965e+00
4.246033287671233089e-07 3.978005000000000013e+00
4.275316275862068230e-07 3.960989000000000093e+00
4.305005972222222621e-07 3.943318000000000101e+00
4.335110909090908215e-07 3.925342999999999805e+00
4.365639859154929453e-07 3.906947999999999865e+00
4.396601843971630948e-07 3.888980999999999799e+00
4.428006142857142965e-07 3.871729999999999894e+00
4.459862302158272983e-07 3.853473999999999844e+00
4.492180144927536786e-07 3.835717999999999961e+00
4.524969781021897124e-07 3.818954999999999878e+00
4.558241617647059184e-07 3.802141999999999911e+00
4.592006370370370090e-07 3.786868000000000123e+00
4.626275074626866290e-07 3.772651000000000199e+00
4.661059097744360486e-07 3.761289999999999800e+00
4.696370151515151228e-07 3.754748999999999892e+00
4.732220305343511089e-07 3.746087999999999862e+00
4.768621999999999302e-07 3.738294999999999924e+00
4.805588062015503976e-07 3.726268999999999831e+00
4.843131718749999522e-07 3.712086999999999914e+00
4.881266614173228382e-07 3.691250000000000142e+00
4.920006825396825399e-07 3.663218000000000085e+00
4.959366879999999824e-07 3.635355999999999810e+00
4.999361774193548065e-07 3.607969000000000204e+00
5.040006991869919011e-07 3.580019000000000062e+00
5.081318524590164509e-07 3.556796999999999986e+00
5.123312892561984024e-07 3.537062000000000150e+00
5.166007166666667145e-07 3.518755000000000077e+00
5.209418991596639218e-07 3.500172000000000061e+00
5.253566610169491276e-07 3.482680999999999916e+00
5.298468888888889054e-07 3.468161999999999967e+00
5.344145344827586081e-07 3.454343999999999859e+00
5.390616173913043932e-07 3.440215999999999941e+00
5.437902280701753107e-07 3.428871000000000002e+00
5.486025309734513389e-07 3.414817999999999909e+00
5.535007678571427118e-07 3.400288000000000199e+00
5.584872612612613674e-07 3.388904999999999834e+00
5.635644181818180415e-07 3.377660000000000107e+00
5.687347339449541394e-07 3.366776000000000213e+00
5.740007962962963142e-07 3.355160999999999838e+00
5.793652897196260527e-07 3.344085999999999892e+00
5.848309999999998984e-07 3.332730000000000192e+00
5.904008190476190267e-07 3.322299000000000113e+00
5.960777499999999656e-07 3.312342000000000120e+00
6.018649126213592246e-07 3.302315999999999807e+00
6.077655490196077500e-07 3.293934000000000140e+00
6.137830297029702291e-07 3.285522999999999971e+00
6.199208599999999516e-07 3.277093999999999951e+00
6.261826868686868304e-07 3.268639999999999990e+00
6.325723061224489950e-07 3.260162999999999922e+00
6.390936701030928689e-07 3.251615999999999840e+00
6.457508958333333402e-07 3.243704000000000143e+00
6.525482736842105422e-07 3.236019999999999897e+00
6.594902765957447217e-07 3.229093000000000213e+00
6.665815698924731459e-07 3.222233999999999821e+00
6.738270217391304650e-07 3.215359999999999996e+00
6.812317142857142616e-07 3.208432999999999868e+00
6.888009555555555135e-07 3.201823999999999781e+00
6.965402921348314086e-07 3.195821000000000023e+00
7.044555227272726578e-07 3.189706000000000152e+00
7.125527126436781795e-07 3.184254000000000140e+00
7.208382093023254906e-07 3.178361000000000214e+00
7.293186588235294482e-07 3.173004000000000158e+00
7.380010238095237569e-07 3.167775999999999925e+00
7.468926024096385290e-07 3.162529999999999841e+00
7.560010487804877458e-07 3.157277000000000111e+00
7.653343950617283130e-07 3.152015000000000011e+00
7.749010749999999659e-07 3.146697000000000077e+00
7.847099493670885851e-07 3.141875000000000195e+00
7.947703333333333581e-07 3.137515000000000054e+00
8.050920259740259551e-07 3.133103999999999889e+00
8.156853421052631777e-07 3.128684999999999938e+00
8.265611466666666374e-07 3.124260000000000037e+00
