2.214003071428571482e-07 1.360000000000000098e+00
2.233949045045045152e-07 1.370624999999999982e+00
2.254257672727272695e-07 1.360000000000000098e+00
2.274938935779816610e-07 1.349374999999999991e+00
2.296003185185185310e-07 1.360000000000000098e+00
2.317461158878504687e-07 1.429999999999999938e+00
2.339324000000000282e-07 1.530000000000000027e+00
2.361603276190476107e-07 1.636249999999999982e+00
2.384311000000000180e-07 1.770000000000000018e+00
2.407459650485437322e-07 1.959999000000000047e+00
2.431062196078431847e-07 2.160000000000000142e+00
2.455132118811881022e-07 2.316873999999999878e+00
2.479683439999999912e-07 2.479999999999999982e+00
2.504730747474747851e-07 2.685001000000000193e+00
2.530289224489795980e-07 2.919999999999999929e+00
2.556374680412371158e-07 3.197500999999999927e+00
2.583003583333333573e-07 3.479999999999999982e+00
2.610193094736841957e-07 3.738750000000000018e+00
2.637961106382978675e-07 3.959999999999999964e+00
2.666326279569892584e-07 4.122499000000000358e+00
2.695308086956521966e-07 4.219999999999999751e+00
2.724926857142857046e-07 4.224999999999999645e+00
2.755203822222222477e-07 4.179999999999999716e+00
2.786161168539326482e-07 4.109375000000000000e+00
2.817822090909090737e-07 4.040000000000000036e+00
2.850210850574713036e-07 4.009999999999999787e+00
2.883352837209302174e-07 4.009999999999999787e+00
2.917274635294117793e-07 4.035624999999999574e+00
2.952004095238095663e-07 4.110000000000000320e+00
2.987570409638554328e-07 4.268124000000000251e+00
3.024004195121951513e-07 4.469999999999999751e+00
3.061337580246913570e-07 4.690623999999999683e+00
3.099604300000000287e-07 4.919999999999999929e+00
3.138839797468354446e-07 5.160624999999999574e+00
3.179081333333333221e-07 5.349999999999999645e+00
3.220368103896103926e-07 5.421875000000000000e+00
3.262741368421052711e-07 5.389999999999999680e+00
3.306244586666667079e-07 5.209374000000000393e+00
3.350923567567567992e-07 4.990000000000000213e+00
3.396826630136986471e-07 4.844999999999999751e+00
3.444004777777778097e-07 4.719999999999999751e+00
3.492511887323943986e-07 4.594375000000000320e+00
3.542404914285714690e-07 4.480000000000000426e+00
3.593744115942029111e-07 4.385625000000000107e+00
3.646593294117647241e-07 4.299999999999999822e+00
3.701020059701492714e-07 4.216249999999999609e+00
3.757096121212121512e-07 4.129999999999999893e+00
3.814897600000000924e-07 4.029374999999999929e+00
3.874505375000000359e-07 3.930000000000000160e+00
3.936005460317460531e-07 3.845047000000000104e+00
3.999489419354839405e-07 3.770000000000000018e+00
4.065054819672131290e-07 3.705188000000000148e+00
4.132805733333333187e-07 3.649249999999999883e+00
4.202853288135593233e-07 3.601249999999999840e+00
4.275316275862068759e-07 3.560249999999999915e+00
4.350321824561403968e-07 3.525312000000000001e+00
4.428006142857142965e-07 3.495499999999999829e+00
4.508515345454545391e-07 3.469875000000000043e+00
4.592006370370370619e-07 3.447499999999999787e+00
4.678648000000000563e-07 3.427437999999999985e+00
4.768622000000000360e-07 3.408749999999999947e+00
4.862124392156863694e-07 3.390499999999999847e+00
4.959366879999999824e-07 3.371750000000000025e+00
5.060578448979591960e-07 3.351563000000000070e+00
5.166007166666667145e-07 3.329000000000000181e+00
5.275922212765957350e-07 3.301327999999999818e+00
5.390616173913043932e-07 3.273000000000000131e+00
5.510407644444444955e-07 3.248124999999999929e+00
5.635644181818180415e-07 3.225000000000000089e+00
5.766705674418604348e-07 3.203374999999999861e+00
5.904008190476191326e-07 3.182999999999999829e+00
6.048008390243903025e-07 3.163437000000000054e+00
6.199208600000000574e-07 3.145000000000000018e+00
6.358162666666666441e-07 3.128000000000000114e+00
6.525482736842105422e-07 3.112000000000000099e+00
6.701847135135135985e-07 3.096563000000000176e+00
6.888009555555556194e-07 3.081999999999999851e+00
7.084809828571428320e-07 3.068624999999999936e+00
7.293186588235294482e-07 3.056000000000000050e+00
7.514192242424243024e-07 3.043750000000000178e+00
7.749010750000000718e-07 3.032000000000000028e+00
7.998978838709678809e-07 3.020750000000000046e+00
8.265611466666666374e-07 3.009999999999999787e+00
8.550632551724137518e-07 2.999687000000000214e+00
8.856012285714285930e-07 2.990000000000000213e+00
9.184012740740740180e-07 2.981250000000000178e+00
9.537244000000000721e-07 2.972999999999999865e+00
9.918733759999999648e-07 2.964812999999999921e+00
1.033201433333333429e-06 2.956999999999999851e+00
1.078123234782608786e-06 2.949812999999999796e+00
1.127128836363636083e-06 2.943000000000000060e+00
1.180801638095238265e-06 2.936313000000000173e+00
1.239841719999999903e-06 2.930000000000000160e+00
1.305096547368421084e-06 2.924313000000000162e+00
1.377601911111111239e-06 2.919000000000000039e+00
1.458637317647058896e-06 2.913812000000000069e+00
1.549802149999999932e-06 2.908999999999999808e+00
1.653122293333333275e-06 2.904812999999999867e+00
1.771202457142857186e-06 2.900999999999999801e+00
1.907448799999999721e-06 2.897374999999999812e+00
2.066402866666666858e-06 2.894000000000000128e+00
2.254257672727272166e-06 2.890874999999999861e+00
2.479683439999999806e-06 2.887999999999999901e+00
