2.250000000000000163e-07 1.248599000000000014e+00
2.300000000000000214e-07 1.314934999999999965e+00
2.350000000000000264e-07 1.346154000000000073e+00
2.400000000000000315e-07 1.353666999999999954e+00
2.450000000000000366e-07 1.356119000000000074e+00
2.500000000000000416e-07 1.366994000000000042e+00
2.549999999999999938e-07 1.393366000000000104e+00
2.599999999999999988e-07 1.439078999999999997e+00
2.650000000000000039e-07 1.507432000000000105e+00
2.700000000000000090e-07 1.602599000000000107e+00
2.750000000000000140e-07 1.730086999999999930e+00
2.800000000000000191e-07 1.896957000000000004e+00
2.850000000000000242e-07 2.109729999999999883e+00
2.900000000000000292e-07 2.371058000000000110e+00
2.950000000000000343e-07 2.672813000000000105e+00
3.000000000000000394e-07 2.989545999999999815e+00
3.050000000000000444e-07 3.279526999999999859e+00
3.099999999999999966e-07 3.502788999999999930e+00
3.150000000000000016e-07 3.643426999999999971e+00
3.200000000000000067e-07 3.714665999999999801e+00
3.250000000000000118e-07 3.744825000000000070e+00
3.300000000000000168e-07 3.760404999999999998e+00
3.350000000000000219e-07 3.776501999999999803e+00
3.400000000000000270e-07 3.795357000000000092e+00
3.450000000000000320e-07 3.811284000000000116e+00
3.500000000000000371e-07 3.818318999999999797e+00
3.550000000000000422e-07 3.815332999999999863e+00
3.600000000000000472e-07 3.806124000000000063e+00
3.649999999999999994e-07 3.796355000000000146e+00
3.700000000000000044e-07 3.790313999999999961e+00
3.750000000000000095e-07 3.789066000000000045e+00
3.800000000000000146e-07 3.790465000000000195e+00
3.850000000000000196e-07 3.790817999999999799e+00
3.900000000000000247e-07 3.787098999999999993e+00
3.950000000000000298e-07 3.778264000000000067e+00
4.000000000000000348e-07 3.765175999999999856e+00
4.050000000000000399e-07 3.749737999999999793e+00
4.100000000000000450e-07 3.734058000000000099e+00
4.150000000000000500e-07 3.720007999999999981e+00
4.200000000000000022e-07 3.709130000000000038e+00
4.250000000000000072e-07 3.702729000000000159e+00
4.300000000000000123e-07 3.702055000000000096e+00
4.350000000000000174e-07 3.708495999999999793e+00
4.400000000000000224e-07 3.723742000000000107e+00
4.450000000000000275e-07 3.749699999999999811e+00
4.500000000000000326e-07 3.789346999999999799e+00
4.550000000000000376e-07 3.845035000000000203e+00
4.600000000000000427e-07 3.918616999999999795e+00
4.650000000000000478e-07 4.009782000000000401e+00
4.700000000000000528e-07 4.114367999999999803e+00
4.750000000000000050e-07 4.223556999999999562e+00
4.800000000000000630e-07 4.325381000000000142e+00
4.850000000000000151e-07 4.408654000000000295e+00
4.900000000000000731e-07 4.466980000000000395e+00
4.950000000000000252e-07 4.499735000000000262e+00
5.000000000000000833e-07 4.512036000000000158e+00
5.050000000000000354e-07 4.509797999999999973e+00
5.099999999999999875e-07 4.499223999999999890e+00
5.150000000000000455e-07 4.485516999999999754e+00
5.199999999999999976e-07 4.472743000000000357e+00
5.250000000000000557e-07 4.464050000000000296e+00
5.300000000000000078e-07 4.461388999999999605e+00
5.350000000000000658e-07 4.468073000000000405e+00
5.400000000000000179e-07 4.485368000000000244e+00
5.450000000000000759e-07 4.514857000000000120e+00
5.500000000000000281e-07 4.557673000000000307e+00
5.550000000000000861e-07 4.614201000000000441e+00
5.600000000000000382e-07 4.683703000000000394e+00
5.649999999999999903e-07 4.763983999999999774e+00
5.700000000000000483e-07 4.851282000000000316e+00
5.750000000000000004e-07 4.940542999999999907e+00
5.800000000000000585e-07 5.026113999999999749e+00
5.850000000000000106e-07 5.102702999999999989e+00
5.900000000000000686e-07 5.166267999999999638e+00
5.950000000000000207e-07 5.214536999999999978e+00
6.000000000000000787e-07 5.247027000000000108e+00
6.050000000000000309e-07 5.264698000000000100e+00
6.100000000000000889e-07 5.269408000000000314e+00
6.150000000000000410e-07 5.263415000000000177e+00
6.199999999999999931e-07 5.248999999999999666e+00
6.250000000000000511e-07 5.228233999999999604e+00
6.300000000000000033e-07 5.202881999999999785e+00
6.350000000000000613e-07 5.174380000000000202e+00
6.400000000000000134e-07 5.143853000000000009e+00
6.450000000000000714e-07 5.112166000000000210e+00
6.500000000000000235e-07 5.079965999999999759e+00
6.550000000000000815e-07 5.047729999999999606e+00
6.600000000000000337e-07 5.015801999999999872e+00
6.650000000000000917e-07 4.984423999999999744e+00
6.700000000000000438e-07 4.953763000000000361e+00
6.749999999999999959e-07 4.923929000000000222e+00
6.800000000000000539e-07 4.894988999999999812e+00
6.850000000000000061e-07 4.866979999999999862e+00
6.900000000000000641e-07 4.839915999999999663e+00
6.950000000000000162e-07 4.813793999999999684e+00
7.000000000000000742e-07 4.788602000000000025e+00
7.050000000000000263e-07 4.764318000000000275e+00
7.100000000000000843e-07 4.740915000000000212e+00
7.150000000000000365e-07 4.717766000000000126e+00
7.200000000000000945e-07 4.696043999999999663e+00
7.250000000000000466e-07 4.675107999999999819e+00
7.299999999999999987e-07 4.654925000000000423e+00
7.350000000000000567e-07 4.635461000000000276e+00
7.400000000000000089e-07 4.616685999999999623e+00
7.450000000000000669e-07 4.598567000000000071e+00
7.500000000000000190e-07 4.581075000000000230e+00
7.550000000000000770e-07 4.564180999999999599e+00
7.600000000000000291e-07 4.547857999999999734e+00
7.650000000000000871e-07 4.532078000000000273e+00
7.700000000000000393e-07 4.516817999999999778e+00
7.750000000000000973e-07 4.502054000000000222e+00
7.800000000000000494e-07 4.487762000000000029e+00
7.850000000000000015e-07 4.473923000000000094e+00
7.900000000000000595e-07 4.460515000000000008e+00
7.950000000000000117e-07 4.447518999999999778e+00
8.000000000000000697e-07 4.434917999999999694e+00
8.050000000000000218e-07 4.422693999999999903e+00
8.100000000000000798e-07 4.410832000000000086e+00
8.150000000000000319e-07 4.399314999999999642e+00
8.200000000000000899e-07 4.388129000000000168e+00
8.250000000000000421e-07 4.377261999999999986e+00
