2.350000000000000529e-07 2.240000000000000657e+00
2.362520000000000167e-07 2.322000000000000064e+00
2.375040000000000070e-07 2.404999999999999805e+00
2.387559999999999973e-07 2.487000000000000099e+00
2.400080000000000406e-07 2.568999999999999950e+00
2.412600000000000309e-07 2.650999999999999801e+00
2.425129999999999958e-07 2.733000000000000096e+00
2.437649999999999861e-07 2.814999999999999947e+00
2.450170000000000294e-07 2.898000000000000131e+00
2.462690000000000197e-07 2.979999999999999982e+00
2.475210000000000100e-07 3.060000000000000053e+00
2.487730000000000003e-07 3.140000000000000124e+00
2.500250000000000435e-07 3.217000000000000082e+00
2.512769999999999809e-07 3.290999999999999925e+00
2.525290000000000241e-07 3.362000000000000099e+00
2.537810000000000144e-07 3.430000000000000160e+00
2.550330000000000047e-07 3.494000000000000217e+00
2.562850000000000479e-07 3.552999999999999936e+00
2.575380000000000129e-07 3.607000000000000206e+00
2.587900000000000561e-07 3.657000000000000028e+00
2.600419999999999935e-07 3.701999999999999957e+00
2.612939999999999838e-07 3.741000000000000103e+00
2.625460000000000270e-07 3.775999999999999801e+00
2.637980000000000173e-07 3.805000000000000160e+00
2.650500000000000076e-07 3.829000000000000181e+00
2.663020000000000509e-07 3.849000000000000199e+00
2.675539999999999882e-07 3.863999999999999879e+00
2.688059999999999785e-07 3.875000000000000000e+00
2.700580000000000218e-07 3.882000000000000117e+00
2.713109999999999867e-07 3.886000000000000121e+00
2.725630000000000300e-07 3.887000000000000011e+00
2.738150000000000203e-07 3.883999999999999897e+00
2.750670000000000106e-07 3.879999999999999893e+00
2.763190000000000538e-07 3.873000000000000220e+00
2.775710000000000441e-07 3.863999999999999879e+00
2.788229999999999815e-07 3.854999999999999982e+00
2.800750000000000247e-07 3.843999999999999861e+00
2.813270000000000150e-07 3.831999999999999851e+00
2.825790000000000053e-07 3.818999999999999950e+00
2.838310000000000486e-07 3.806999999999999940e+00
2.850830000000000389e-07 3.794000000000000039e+00
2.863360000000000568e-07 3.781000000000000139e+00
2.875880000000000471e-07 3.770000000000000018e+00
2.888399999999999844e-07 3.758000000000000007e+00
2.900920000000000277e-07 3.748000000000000220e+00
2.913440000000000180e-07 3.738999999999999879e+00
2.925960000000000083e-07 3.732000000000000206e+00
2.938480000000000515e-07 3.725999999999999979e+00
2.951000000000000418e-07 3.721000000000000085e+00
2.963519999999999792e-07 3.718999999999999861e+00
2.976040000000000224e-07 3.717999999999999972e+00
2.988560000000000127e-07 3.720000000000000195e+00
3.001089999999999777e-07 3.722999999999999865e+00
3.013610000000000209e-07 3.729999999999999982e+00
3.026130000000000112e-07 3.737999999999999989e+00
3.038650000000000545e-07 3.749000000000000110e+00
3.051170000000000448e-07 3.762999999999999901e+00
3.063690000000000351e-07 3.778999999999999915e+00
3.076210000000000254e-07 3.797000000000000153e+00
3.088730000000000157e-07 3.818000000000000060e+00
3.101250000000000060e-07 3.841000000000000192e+00
3.113770000000000492e-07 3.866000000000000103e+00
3.126290000000000395e-07 3.892999999999999794e+00
3.138809999999999769e-07 3.920999999999999819e+00
3.151340000000000477e-07 3.951999999999999957e+00
3.163860000000000380e-07 3.983000000000000096e+00
3.176379999999999754e-07 4.014999999999999680e+00
3.188900000000000186e-07 4.049000000000000377e+00
3.201420000000000089e-07 4.081999999999999851e+00
3.213939999999999992e-07 4.115999999999999659e+00
3.226460000000000424e-07 4.149000000000000021e+00
3.238980000000000327e-07 4.182000000000000384e+00
3.251500000000000230e-07 4.214000000000000412e+00
3.264020000000000133e-07 4.243999999999999773e+00
3.276540000000000036e-07 4.272999999999999687e+00
3.289070000000000215e-07 4.301000000000000156e+00
3.301590000000000118e-07 4.326999999999999957e+00
3.314110000000000021e-07 4.350999999999999979e+00
3.326630000000000454e-07 4.373000000000000220e+00
3.339150000000000357e-07 4.394000000000000128e+00
3.351669999999999730e-07 4.411999999999999922e+00
3.364190000000000163e-07 4.426999999999999602e+00
3.376710000000000066e-07 4.440999999999999837e+00
3.389229999999999969e-07 4.451999999999999957e+00
3.401750000000000401e-07 4.461000000000000298e+00
3.414270000000000304e-07 4.467999999999999972e+00
3.426790000000000207e-07 4.472999999999999865e+00
3.439320000000000386e-07 4.475999999999999979e+00
3.451840000000000289e-07 4.477999999999999758e+00
3.464360000000000192e-07 4.477999999999999758e+00
3.476880000000000095e-07 4.475999999999999979e+00
3.489399999999999998e-07 4.472999999999999865e+00
3.501920000000000431e-07 4.469000000000000306e+00
3.514440000000000334e-07 4.463000000000000078e+00
3.526960000000000237e-07 4.456000000000000405e+00
3.539480000000000140e-07 4.448999999999999844e+00
3.552000000000000043e-07 4.440000000000000391e+00
3.564519999999999946e-07 4.431000000000000050e+00
3.577050000000000125e-07 4.421000000000000263e+00
3.589570000000000028e-07 4.410000000000000142e+00
3.602090000000000460e-07 4.399000000000000021e+00
3.614610000000000363e-07 4.387999999999999901e+00
3.627130000000000266e-07 4.376000000000000334e+00
3.639650000000000169e-07 4.363999999999999879e+00
3.652170000000000072e-07 4.352000000000000313e+00
3.664689999999999975e-07 4.339000000000000412e+00
3.677210000000000407e-07 4.326999999999999957e+00
3.689730000000000310e-07 4.314000000000000057e+00
3.702250000000000213e-07 4.301000000000000156e+00
3.714770000000000116e-07 4.288000000000000256e+00
3.727300000000000295e-07 4.275000000000000355e+00
3.739820000000000728e-07 4.261999999999999567e+00
3.752340000000000101e-07 4.248000000000000220e+00
3.764860000000000004e-07 4.235000000000000320e+00
3.777380000000000437e-07 4.222000000000000419e+00
3.789900000000000340e-07 4.209999999999999964e+00
3.802420000000000243e-07 4.197000000000000064e+00
3.814940000000000675e-07 4.184000000000000163e+00
3.827460000000000049e-07 4.171000000000000263e+00
3.839979999999999952e-07 4.158999999999999808e+00
3.852500000000000384e-07 4.147000000000000242e+00
3.865030000000000034e-07 4.134999999999999787e+00
3.877549999999999937e-07 4.123000000000000220e+00
3.890070000000000369e-07 4.110999999999999766e+00
3.902590000000000272e-07 4.099000000000000199e+00
3.915110000000000705e-07 4.086999999999999744e+00
3.927630000000000078e-07 4.075999999999999623e+00
3.940149999999999981e-07 4.065000000000000391e+00
3.952670000000000414e-07 4.054000000000000270e+00
3.965190000000000317e-07 4.043000000000000149e+00
3.977710000000000220e-07 4.032000000000000028e+00
3.990230000000000652e-07 4.020999999999999908e+00
4.002750000000000026e-07 4.011000000000000121e+00
4.015280000000000205e-07 4.001000000000000334e+00
4.027800000000000108e-07 3.990000000000000213e+00
4.040320000000000011e-07 3.980999999999999872e+00
4.052839999999999914e-07 3.971000000000000085e+00
4.065360000000000346e-07 3.960999999999999854e+00
4.077880000000000249e-07 3.951999999999999957e+00
4.090400000000000681e-07 3.942000000000000171e+00
4.102920000000000055e-07 3.932999999999999829e+00
4.115439999999999958e-07 3.923999999999999932e+00
4.127960000000000390e-07 3.915000000000000036e+00
4.140480000000000293e-07 3.906000000000000139e+00
4.153009999999999943e-07 3.898000000000000131e+00
4.165530000000000375e-07 3.888999999999999790e+00
4.178050000000000278e-07 3.880999999999999783e+00
4.190570000000000181e-07 3.873000000000000220e+00
4.203090000000000614e-07 3.865000000000000213e+00
4.215609999999999987e-07 3.857000000000000206e+00
4.228129999999999890e-07 3.849000000000000199e+00
4.240650000000000323e-07 3.842000000000000082e+00
4.253170000000000226e-07 3.834000000000000075e+00
4.265690000000000658e-07 3.826999999999999957e+00
4.278210000000000561e-07 3.818999999999999950e+00
4.290729999999999935e-07 3.811999999999999833e+00
4.303260000000000643e-07 3.805000000000000160e+00
4.315780000000000017e-07 3.798000000000000043e+00
4.328299999999999920e-07 3.791999999999999815e+00
4.340820000000000352e-07 3.785000000000000142e+00
4.353340000000000255e-07 3.778000000000000025e+00
4.365860000000000158e-07 3.771999999999999797e+00
4.378380000000000591e-07 3.766000000000000014e+00
4.390899999999999964e-07 3.758999999999999897e+00
4.403419999999999867e-07 3.753000000000000114e+00
4.415940000000000300e-07 3.746999999999999886e+00
4.428460000000000203e-07 3.741000000000000103e+00
4.440980000000000635e-07 3.734999999999999876e+00
4.453510000000000285e-07 3.729999999999999982e+00
4.466030000000000188e-07 3.724000000000000199e+00
4.478550000000000620e-07 3.717999999999999972e+00
4.491070000000000523e-07 3.713000000000000078e+00
4.503589999999999897e-07 3.708000000000000185e+00
4.516110000000000329e-07 3.701999999999999957e+00
4.528630000000000232e-07 3.697000000000000064e+00
4.541150000000000135e-07 3.692000000000000171e+00
4.553670000000000567e-07 3.686999999999999833e+00
4.566190000000000470e-07 3.681999999999999940e+00
4.578709999999999844e-07 3.677000000000000046e+00
4.591240000000000552e-07 3.672000000000000153e+00
4.603759999999999926e-07 3.666999999999999815e+00
4.616280000000000358e-07 3.662999999999999812e+00
4.628800000000000261e-07 3.657999999999999918e+00
4.641320000000000164e-07 3.653999999999999915e+00
4.653840000000000597e-07 3.649000000000000021e+00
4.666360000000000500e-07 3.645000000000000018e+00
4.678879999999999873e-07 3.640000000000000124e+00
4.691400000000000306e-07 3.636000000000000121e+00
4.703920000000000209e-07 3.632000000000000117e+00
4.716440000000000112e-07 3.626999999999999780e+00
4.728960000000000544e-07 3.623000000000000220e+00
4.741490000000000194e-07 3.619000000000000217e+00
4.754010000000000626e-07 3.615000000000000213e+00
4.766530000000000529e-07 3.611000000000000210e+00
4.779050000000000432e-07 3.607000000000000206e+00
4.791569999999999806e-07 3.603000000000000203e+00
4.804090000000000238e-07 3.599000000000000199e+00
4.816610000000000671e-07 3.595000000000000195e+00
4.829130000000000044e-07 3.589999999999999858e+00
4.841650000000000477e-07 3.585999999999999854e+00
4.854169999999999850e-07 3.581999999999999851e+00
4.866690000000000283e-07 3.576999999999999957e+00
4.879220000000000991e-07 3.572000000000000064e+00
4.891740000000000365e-07 3.567000000000000171e+00
4.904259999999999738e-07 3.561999999999999833e+00
4.916780000000000171e-07 3.556999999999999940e+00
4.929300000000000603e-07 3.551000000000000156e+00
4.941819999999999977e-07 3.544999999999999929e+00
4.954340000000000409e-07 3.537999999999999812e+00
4.966859999999999783e-07 3.532000000000000028e+00
4.979380000000000215e-07 3.525999999999999801e+00
4.991900000000000648e-07 3.519000000000000128e+00
5.004420000000000021e-07 3.512999999999999901e+00
5.016940000000000454e-07 3.507000000000000117e+00
5.029470000000000103e-07 3.501999999999999780e+00
5.041990000000000536e-07 3.495999999999999996e+00
5.054510000000000968e-07 3.490000000000000213e+00
5.067030000000000342e-07 3.484999999999999876e+00
5.079549999999999715e-07 3.479000000000000092e+00
5.092070000000000148e-07 3.474000000000000199e+00
5.104590000000000580e-07 3.468999999999999861e+00
5.117109999999999954e-07 3.463999999999999968e+00
5.129630000000000386e-07 3.459000000000000075e+00
5.142150000000000818e-07 3.454000000000000181e+00
5.154670000000000192e-07 3.448999999999999844e+00
5.167200000000000900e-07 3.443999999999999950e+00
5.179720000000000274e-07 3.439999999999999947e+00
5.192240000000000706e-07 3.435000000000000053e+00
5.204760000000000080e-07 3.431000000000000050e+00
5.217279999999999454e-07 3.426000000000000156e+00
5.229800000000000945e-07 3.422000000000000153e+00
5.242320000000000318e-07 3.418000000000000149e+00
5.254840000000000751e-07 3.414000000000000146e+00
5.267360000000000124e-07 3.410000000000000142e+00
5.279880000000000557e-07 3.406000000000000139e+00
5.292399999999999930e-07 3.402000000000000135e+00
5.304920000000000363e-07 3.398000000000000131e+00
5.317450000000000012e-07 3.394000000000000128e+00
5.329969999999999386e-07 3.390000000000000124e+00
5.342490000000000877e-07 3.387000000000000011e+00
5.355010000000000251e-07 3.383000000000000007e+00
5.367530000000000683e-07 3.379999999999999893e+00
5.380050000000000057e-07 3.375999999999999890e+00
5.392569999999999430e-07 3.373000000000000220e+00
5.405090000000000922e-07 3.369000000000000217e+00
5.417610000000000295e-07 3.366000000000000103e+00
5.430130000000000728e-07 3.362000000000000099e+00
5.442650000000000101e-07 3.358999999999999986e+00
5.455180000000000810e-07 3.354999999999999982e+00
5.467700000000000183e-07 3.351999999999999869e+00
5.480220000000000616e-07 3.349000000000000199e+00
5.492739999999999989e-07 3.345000000000000195e+00
5.505259999999999363e-07 3.342000000000000082e+00
5.517780000000000854e-07 3.338000000000000078e+00
5.530300000000000228e-07 3.334999999999999964e+00
5.542820000000000660e-07 3.331999999999999851e+00
5.555340000000000034e-07 3.329000000000000181e+00
5.567859999999999407e-07 3.326000000000000068e+00
5.580380000000000898e-07 3.322999999999999954e+00
5.592900000000000272e-07 3.319999999999999840e+00
5.605429999999999922e-07 3.317000000000000171e+00
5.617950000000000354e-07 3.314999999999999947e+00
5.630470000000000786e-07 3.311999999999999833e+00
5.642990000000000160e-07 3.309000000000000163e+00
5.655510000000000592e-07 3.306999999999999940e+00
5.668029999999999966e-07 3.303999999999999826e+00
5.680549999999999340e-07 3.302000000000000046e+00
5.693070000000000831e-07 3.298999999999999932e+00
5.705590000000000204e-07 3.297000000000000153e+00
5.718110000000000637e-07 3.294000000000000039e+00
5.730630000000000010e-07 3.291999999999999815e+00
5.743160000000000719e-07 3.289000000000000146e+00
5.755680000000000092e-07 3.286999999999999922e+00
5.768200000000000525e-07 3.283999999999999808e+00
5.780719999999999898e-07 3.282000000000000028e+00
5.793240000000000331e-07 3.279999999999999805e+00
5.805760000000000763e-07 3.277000000000000135e+00
5.818280000000000137e-07 3.274999999999999911e+00
5.830800000000000569e-07 3.273000000000000131e+00
5.843319999999999943e-07 3.270000000000000018e+00
5.855839999999999316e-07 3.267999999999999794e+00
5.868360000000000808e-07 3.266000000000000014e+00
5.880880000000000181e-07 3.263999999999999790e+00
5.893410000000000890e-07 3.262000000000000011e+00
5.905930000000000263e-07 3.259999999999999787e+00
5.918450000000000696e-07 3.258000000000000007e+00
5.930970000000000069e-07 3.254999999999999893e+00
5.943490000000000502e-07 3.253000000000000114e+00
5.956009999999999875e-07 3.250999999999999890e+00
5.968530000000000308e-07 3.249000000000000110e+00
5.981050000000000740e-07 3.246999999999999886e+00
5.993570000000000114e-07 3.245999999999999996e+00
6.006090000000000546e-07 3.244000000000000217e+00
6.018609999999999920e-07 3.241999999999999993e+00
6.031140000000000628e-07 3.240000000000000213e+00
6.043660000000000002e-07 3.237999999999999989e+00
6.056180000000000434e-07 3.236000000000000210e+00
6.068700000000000866e-07 3.233999999999999986e+00
6.081220000000000240e-07 3.233000000000000096e+00
6.093740000000000672e-07 3.230999999999999872e+00
6.106260000000000046e-07 3.229000000000000092e+00
6.118780000000000478e-07 3.228000000000000203e+00
6.131299999999999852e-07 3.225999999999999979e+00
6.143820000000000284e-07 3.224000000000000199e+00
6.156340000000000717e-07 3.222999999999999865e+00
6.168860000000000090e-07 3.221000000000000085e+00
6.181390000000000799e-07 3.220000000000000195e+00
6.193910000000000172e-07 3.217999999999999972e+00
6.206430000000000605e-07 3.216000000000000192e+00
6.218949999999999978e-07 3.214999999999999858e+00
6.231470000000000411e-07 3.213000000000000078e+00
6.243990000000000843e-07 3.212000000000000188e+00
6.256510000000000217e-07 3.209999999999999964e+00
6.269030000000000649e-07 3.209000000000000075e+00
6.281550000000000023e-07 3.206999999999999851e+00
6.294070000000000455e-07 3.205000000000000071e+00
6.306589999999999829e-07 3.204000000000000181e+00
6.319120000000000537e-07 3.201999999999999957e+00
6.331639999999999911e-07 3.200000000000000178e+00
6.344160000000001402e-07 3.197999999999999954e+00
6.356680000000000776e-07 3.196000000000000174e+00
6.369200000000000149e-07 3.193999999999999950e+00
6.381720000000000582e-07 3.190999999999999837e+00
6.394239999999999955e-07 3.189000000000000057e+00
6.406760000000000388e-07 3.186999999999999833e+00
6.419280000000000820e-07 3.185000000000000053e+00
6.431800000000000194e-07 3.182999999999999829e+00
6.444320000000000626e-07 3.181000000000000050e+00
6.456840000000000000e-07 3.178999999999999826e+00
6.469370000000000708e-07 3.177000000000000046e+00
6.481890000000000082e-07 3.176000000000000156e+00
6.494410000000000514e-07 3.173999999999999932e+00
6.506929999999999888e-07 3.173000000000000043e+00
6.519450000000001379e-07 3.170999999999999819e+00
6.531970000000000752e-07 3.169999999999999929e+00
6.544490000000000126e-07 3.169000000000000039e+00
6.557010000000000558e-07 3.168000000000000149e+00
6.569529999999999932e-07 3.165999999999999925e+00
6.582050000000000364e-07 3.165000000000000036e+00
6.594570000000000797e-07 3.164000000000000146e+00
6.607100000000000447e-07 3.162999999999999812e+00
6.619619999999999820e-07 3.161999999999999922e+00
6.632140000000001311e-07 3.161000000000000032e+00
6.644660000000000685e-07 3.160000000000000142e+00
6.657180000000000059e-07 3.157999999999999918e+00
6.669700000000000491e-07 3.157000000000000028e+00
6.682219999999999865e-07 3.156000000000000139e+00
6.694740000000001356e-07 3.154999999999999805e+00
6.707260000000000729e-07 3.153999999999999915e+00
6.719780000000000103e-07 3.153000000000000025e+00
6.732300000000000535e-07 3.152000000000000135e+00
6.744819999999999909e-07 3.150999999999999801e+00
6.757350000000000617e-07 3.149999999999999911e+00
6.769869999999999991e-07 3.149000000000000021e+00
6.782390000000000423e-07 3.148000000000000131e+00
6.794909999999999797e-07 3.146999999999999797e+00
6.807430000000001288e-07 3.145000000000000018e+00
6.819950000000000662e-07 3.144000000000000128e+00
6.832470000000000035e-07 3.142999999999999794e+00
6.844990000000000468e-07 3.141999999999999904e+00
6.857509999999999841e-07 3.141000000000000014e+00
6.870030000000001332e-07 3.140000000000000124e+00
6.882550000000000706e-07 3.138999999999999790e+00
6.895080000000000356e-07 3.137999999999999901e+00
6.907600000000000788e-07 3.137000000000000011e+00
6.920120000000000162e-07 3.136000000000000121e+00
6.932640000000000594e-07 3.134999999999999787e+00
6.945159999999999968e-07 3.133999999999999897e+00
6.957680000000000400e-07 3.133000000000000007e+00
6.970199999999999774e-07 3.132000000000000117e+00
6.982720000000001265e-07 3.130999999999999783e+00
6.995240000000000639e-07 3.129999999999999893e+00
7.007760000000000012e-07 3.129000000000000004e+00
7.020280000000000445e-07 3.128000000000000114e+00
7.032799999999999818e-07 3.128000000000000114e+00
7.045330000000000527e-07 3.126999999999999780e+00
7.057849999999999900e-07 3.125999999999999890e+00
7.070370000000000333e-07 3.125000000000000000e+00
7.082890000000000765e-07 3.124000000000000110e+00
7.095410000000001197e-07 3.123000000000000220e+00
7.107930000000000571e-07 3.121999999999999886e+00
7.120449999999999945e-07 3.120999999999999996e+00
7.132970000000000377e-07 3.120000000000000107e+00
7.145489999999999751e-07 3.119000000000000217e+00
7.158010000000001242e-07 3.117999999999999883e+00
7.170530000000000615e-07 3.116999999999999993e+00
7.183060000000001324e-07 3.116999999999999993e+00
7.195580000000000697e-07 3.116000000000000103e+00
7.208100000000000071e-07 3.115000000000000213e+00
7.220620000000000503e-07 3.113999999999999879e+00
7.233139999999999877e-07 3.112999999999999989e+00
7.245660000000000309e-07 3.112000000000000099e+00
7.258180000000000742e-07 3.111000000000000210e+00
7.270700000000001174e-07 3.111000000000000210e+00
7.283220000000000548e-07 3.109999999999999876e+00
7.295739999999999921e-07 3.108999999999999986e+00
7.308260000000000354e-07 3.108000000000000096e+00
7.320779999999999727e-07 3.107000000000000206e+00
7.333310000000000436e-07 3.107000000000000206e+00
7.345829999999999809e-07 3.105999999999999872e+00
7.358350000000001301e-07 3.104999999999999982e+00
7.370870000000000674e-07 3.104000000000000092e+00
7.383390000000001107e-07 3.103000000000000203e+00
7.395910000000000480e-07 3.103000000000000203e+00
7.408429999999999854e-07 3.101999999999999869e+00
7.420950000000000286e-07 3.100999999999999979e+00
7.433470000000000719e-07 3.100000000000000089e+00
7.445990000000001151e-07 3.099000000000000199e+00
7.458510000000000525e-07 3.099000000000000199e+00
7.471040000000001233e-07 3.097999999999999865e+00
7.483560000000000607e-07 3.096999999999999975e+00
7.496079999999999980e-07 3.096000000000000085e+00
7.508600000000000413e-07 3.096000000000000085e+00
7.521119999999999786e-07 3.095000000000000195e+00
7.533640000000001277e-07 3.093999999999999861e+00
7.546160000000000651e-07 3.093999999999999861e+00
7.558680000000001083e-07 3.092999999999999972e+00
7.571200000000000457e-07 3.092000000000000082e+00
7.583719999999999831e-07 3.091000000000000192e+00
7.596240000000000263e-07 3.091000000000000192e+00
7.608760000000000695e-07 3.089999999999999858e+00
7.621290000000000345e-07 3.088999999999999968e+00
7.633809999999999719e-07 3.088999999999999968e+00
7.646330000000001210e-07 3.088000000000000078e+00
7.658850000000000583e-07 3.087000000000000188e+00
7.671369999999999957e-07 3.085999999999999854e+00
7.683890000000000389e-07 3.085999999999999854e+00
7.696409999999999763e-07 3.084999999999999964e+00
7.708930000000001254e-07 3.084000000000000075e+00
7.721450000000000628e-07 3.084000000000000075e+00
7.733970000000001060e-07 3.083000000000000185e+00
7.746490000000000434e-07 3.081999999999999851e+00
7.759020000000001142e-07 3.081999999999999851e+00
7.771540000000000516e-07 3.080999999999999961e+00
7.784059999999999889e-07 3.080999999999999961e+00
7.796580000000000322e-07 3.080000000000000071e+00
7.809099999999999695e-07 3.079000000000000181e+00
7.821620000000001187e-07 3.079000000000000181e+00
7.834140000000000560e-07 3.077999999999999847e+00
7.846660000000000993e-07 3.076999999999999957e+00
7.859180000000000366e-07 3.076999999999999957e+00
7.871699999999999740e-07 3.076000000000000068e+00
7.884220000000001231e-07 3.075000000000000178e+00
7.896740000000000605e-07 3.075000000000000178e+00
7.909270000000000254e-07 3.073999999999999844e+00
7.921790000000000687e-07 3.073999999999999844e+00
7.934310000000001119e-07 3.072999999999999954e+00
7.946830000000000493e-07 3.072000000000000064e+00
7.959349999999999866e-07 3.072000000000000064e+00
7.971870000000000299e-07 3.071000000000000174e+00
7.984389999999999672e-07 3.071000000000000174e+00
7.996910000000001163e-07 3.069999999999999840e+00
8.009430000000000537e-07 3.069999999999999840e+00
8.021950000000000969e-07 3.068999999999999950e+00
8.034470000000000343e-07 3.068000000000000060e+00
8.046989999999999717e-07 3.068000000000000060e+00
8.059520000000000425e-07 3.067000000000000171e+00
8.072039999999999799e-07 3.067000000000000171e+00
8.084560000000000231e-07 3.065999999999999837e+00
8.097080000000000663e-07 3.064999999999999947e+00
8.109600000000001096e-07 3.064999999999999947e+00
8.122120000000000469e-07 3.064000000000000057e+00
8.134640000000000902e-07 3.064000000000000057e+00
8.147160000000000275e-07 3.063000000000000167e+00
8.159679999999999649e-07 3.063000000000000167e+00
8.172200000000001140e-07 3.061999999999999833e+00
8.184720000000000514e-07 3.061999999999999833e+00
8.197250000000001222e-07 3.060999999999999943e+00
8.209770000000000596e-07 3.060999999999999943e+00
8.222290000000001028e-07 3.060000000000000053e+00
8.234810000000000402e-07 3.060000000000000053e+00
8.247329999999999775e-07 3.059000000000000163e+00
8.259850000000000208e-07 3.057999999999999829e+00
8.272370000000000640e-07 3.057999999999999829e+00
8.284890000000001073e-07 3.056999999999999940e+00
8.297410000000000446e-07 3.056999999999999940e+00
8.309930000000000879e-07 3.056000000000000050e+00
8.322450000000000252e-07 3.056000000000000050e+00
8.334969999999999626e-07 3.055000000000000160e+00
8.347500000000000334e-07 3.055000000000000160e+00
8.360019999999999708e-07 3.053999999999999826e+00
8.372540000000001199e-07 3.053999999999999826e+00
8.385060000000000573e-07 3.052999999999999936e+00
8.397580000000001005e-07 3.052999999999999936e+00
8.410100000000000379e-07 3.052000000000000046e+00
8.422619999999999752e-07 3.052000000000000046e+00
8.435140000000000185e-07 3.051000000000000156e+00
8.447660000000000617e-07 3.051000000000000156e+00
8.460180000000001049e-07 3.049999999999999822e+00
8.472700000000000423e-07 3.049999999999999822e+00
8.485230000000001132e-07 3.048999999999999932e+00
8.497750000000000505e-07 3.048999999999999932e+00
8.510270000000000938e-07 3.048999999999999932e+00
8.522790000000000311e-07 3.048000000000000043e+00
8.535309999999999685e-07 3.048000000000000043e+00
8.547830000000001176e-07 3.047000000000000153e+00
8.560350000000000549e-07 3.047000000000000153e+00
8.572870000000000982e-07 3.045999999999999819e+00
8.585390000000000355e-07 3.045999999999999819e+00
8.597910000000000788e-07 3.044999999999999929e+00
8.610430000000000161e-07 3.044999999999999929e+00
8.622950000000000594e-07 3.044000000000000039e+00
8.635480000000000244e-07 3.044000000000000039e+00
8.647999999999999617e-07 3.044000000000000039e+00
8.660520000000001108e-07 3.043000000000000149e+00
8.673040000000000482e-07 3.043000000000000149e+00
8.685560000000000914e-07 3.041999999999999815e+00
8.698080000000000288e-07 3.041999999999999815e+00
8.710599999999999662e-07 3.040999999999999925e+00
8.723120000000001153e-07 3.040999999999999925e+00
8.735640000000000526e-07 3.040999999999999925e+00
8.748160000000000959e-07 3.040000000000000036e+00
8.760680000000000332e-07 3.040000000000000036e+00
8.773210000000001041e-07 3.039000000000000146e+00
8.785730000000000414e-07 3.039000000000000146e+00
8.798250000000000847e-07 3.037999999999999812e+00
8.810770000000000220e-07 3.037999999999999812e+00
8.823289999999999594e-07 3.037999999999999812e+00
8.835810000000001085e-07 3.036999999999999922e+00
8.848330000000000459e-07 3.036999999999999922e+00
8.860850000000000891e-07 3.036000000000000032e+00
8.873370000000000265e-07 3.036000000000000032e+00
8.885890000000000697e-07 3.036000000000000032e+00
8.898410000000001130e-07 3.035000000000000142e+00
8.910930000000000503e-07 3.035000000000000142e+00
8.923460000000000153e-07 3.033999999999999808e+00
8.935980000000000585e-07 3.033999999999999808e+00
8.948500000000001018e-07 3.033999999999999808e+00
8.961020000000000391e-07 3.032999999999999918e+00
8.973540000000000824e-07 3.032999999999999918e+00
8.986060000000000197e-07 3.032000000000000028e+00
8.998579999999999571e-07 3.032000000000000028e+00
9.011100000000001062e-07 3.032000000000000028e+00
9.023620000000000436e-07 3.031000000000000139e+00
9.036140000000000868e-07 3.031000000000000139e+00
9.048660000000000242e-07 3.031000000000000139e+00
9.061190000000000950e-07 3.029999999999999805e+00
9.073710000000000324e-07 3.029999999999999805e+00
9.086230000000000756e-07 3.028999999999999915e+00
9.098750000000000130e-07 3.028999999999999915e+00
9.111270000000000562e-07 3.028999999999999915e+00
9.123790000000000994e-07 3.028000000000000025e+00
9.136310000000000368e-07 3.028000000000000025e+00
9.148830000000000800e-07 3.028000000000000025e+00
9.161350000000000174e-07 3.027000000000000135e+00
9.173869999999999548e-07 3.027000000000000135e+00
9.186390000000001039e-07 3.027000000000000135e+00
9.198910000000000412e-07 3.025999999999999801e+00
9.211440000000001121e-07 3.025999999999999801e+00
9.223960000000000494e-07 3.024999999999999911e+00
9.236480000000000927e-07 3.024999999999999911e+00
9.249000000000000300e-07 3.024999999999999911e+00
9.261520000000000733e-07 3.024000000000000021e+00
9.274040000000000106e-07 3.024000000000000021e+00
9.286560000000000539e-07 3.024000000000000021e+00
9.299080000000000971e-07 3.023000000000000131e+00
9.311600000000000345e-07 3.023000000000000131e+00
9.324120000000000777e-07 3.023000000000000131e+00
9.336640000000000151e-07 3.021999999999999797e+00
9.349170000000000859e-07 3.021999999999999797e+00
9.361690000000000233e-07 3.021999999999999797e+00
9.374210000000000665e-07 3.020999999999999908e+00
9.386730000000001098e-07 3.020999999999999908e+00
9.399250000000000471e-07 3.020999999999999908e+00
9.411770000000000904e-07 3.020000000000000018e+00
9.424290000000000277e-07 3.020000000000000018e+00
9.436810000000000710e-07 3.020000000000000018e+00
9.449330000000000083e-07 3.019000000000000128e+00
9.461850000000000516e-07 3.019000000000000128e+00
9.474370000000000948e-07 3.019000000000000128e+00
9.486890000000000322e-07 3.017999999999999794e+00
9.499420000000001030e-07 3.017999999999999794e+00
9.511940000000000404e-07 3.017999999999999794e+00
9.524460000000000836e-07 3.016999999999999904e+00
9.536980000000000210e-07 3.016999999999999904e+00
9.549500000000000642e-07 3.016999999999999904e+00
9.562020000000001074e-07 3.016999999999999904e+00
9.574539999999999389e-07 3.016000000000000014e+00
9.587059999999999822e-07 3.016000000000000014e+00
9.599580000000000254e-07 3.016000000000000014e+00
9.612100000000000686e-07 3.015000000000000124e+00
9.624620000000001119e-07 3.015000000000000124e+00
9.637150000000001827e-07 3.015000000000000124e+00
9.649670000000000142e-07 3.013999999999999790e+00
9.662190000000000574e-07 3.013999999999999790e+00
9.674710000000001007e-07 3.013999999999999790e+00
9.687229999999999322e-07 3.012999999999999901e+00
9.699750000000001872e-07 3.012999999999999901e+00
9.712270000000000186e-07 3.012999999999999901e+00
9.724790000000000619e-07 3.012999999999999901e+00
9.737310000000001051e-07 3.012000000000000011e+00
9.749829999999999366e-07 3.012000000000000011e+00
9.762349999999999798e-07 3.012000000000000011e+00
9.774870000000000231e-07 3.011000000000000121e+00
9.787400000000000939e-07 3.011000000000000121e+00
9.799919999999999254e-07 3.011000000000000121e+00
9.812440000000001804e-07 3.011000000000000121e+00
9.824960000000000119e-07 3.009999999999999787e+00
9.837480000000000551e-07 3.009999999999999787e+00
9.850000000000000984e-07 3.009999999999999787e+00
