2.066666666666666644e-07 1.298029324139513774e+00
2.073578595317725660e-07 1.302138724221533872e+00
2.080536912751677938e-07 1.305938340742989423e+00
2.087542087542087286e-07 1.309463319470170362e+00
2.094594594594594636e-07 1.312810359210274225e+00
2.101694915254237108e-07 1.316074921820634014e+00
2.108843537414965936e-07 1.319260115652981957e+00
2.116040955631399228e-07 1.322444892726226007e+00
2.123287671232876805e-07 1.325654301192966678e+00
2.130584192439862380e-07 1.328957982549108907e+00
2.137931034482758725e-07 1.332372186941588321e+00
2.145328719723183197e-07 1.335942575661925869e+00
2.152777777777777754e-07 1.339706386767486990e+00
2.160278745644599239e-07 1.343685222289803693e+00
2.167832167832168025e-07 1.347922455178643952e+00
2.175438596491227962e-07 1.352438128642048820e+00
2.183098591549295974e-07 1.357280853187294190e+00
2.190812720848056357e-07 1.362461768346425961e+00
2.198581560283687936e-07 1.368026805526133982e+00
2.206405693950177806e-07 1.374007297739538558e+00
2.214285714285714299e-07 1.380418246047038222e+00
2.222222222222222180e-07 1.387288350836083151e+00
2.230215827338129542e-07 1.394638521021805078e+00
2.238267148014440504e-07 1.402515472027245691e+00
2.246376811594202931e-07 1.410924507065623335e+00
2.254545454545454544e-07 1.419889527358860537e+00
2.262773722627737157e-07 1.429420473452801765e+00
2.271062271062271151e-07 1.439546876913435636e+00
2.279411764705882047e-07 1.450284443349533658e+00
2.287822878228782400e-07 1.461667036341702586e+00
2.296296296296296094e-07 1.473708632093865045e+00
2.304832713754646819e-07 1.486480356808409509e+00
2.313432835820895414e-07 1.500026414585899470e+00
2.322097378277153666e-07 1.514463925507734343e+00
2.330827067669172779e-07 1.530021552627121695e+00
2.339622641509434076e-07 1.546789613459289559e+00
2.348484848484848363e-07 1.565328293152972394e+00
2.357414448669201582e-07 1.585877728698707578e+00
2.366412213740457945e-07 1.609173925881350886e+00
2.375478927203065309e-07 1.635949688090574172e+00
2.384615384615384589e-07 1.666979298282925459e+00
2.393822393822393794e-07 1.703510841019363342e+00
2.403100775193798251e-07 1.746407725732164407e+00
2.412451361867704515e-07 1.796893720352547463e+00
2.421875000000000105e-07 1.855860932819117348e+00
2.431372549019607941e-07 1.924177137329453169e+00
2.440944881889763711e-07 2.002460622182308914e+00
2.450592885375494059e-07 2.090848080263152386e+00
2.460317460317460215e-07 2.188945670231569718e+00
2.470119521912350783e-07 2.296072395489102469e+00
2.479999999999999972e-07 2.410953982358843284e+00
2.489959839357429258e-07 2.531906956194852398e+00
2.499999999999999887e-07 2.656819494168566997e+00
2.510121457489878459e-07 2.783372414118648219e+00
2.520325203252032621e-07 2.909007139949842724e+00
2.530612244897959123e-07 3.031119300840384501e+00
2.540983606557377151e-07 3.147433738829819916e+00
2.551440329218106654e-07 3.255787616845604138e+00
2.561983471074380465e-07 3.354617344978394922e+00
2.572614107883817340e-07 3.442782073776513130e+00
2.583333333333333305e-07 3.519854718992798226e+00
2.594142259414225848e-07 3.585958129264389171e+00
2.605042016806722642e-07 3.641956869360029714e+00
2.616033755274261615e-07 3.689030939513346041e+00
2.627118644067796716e-07 3.728778879205979724e+00
2.638297872340425311e-07 3.762812603451737736e+00
2.649572649572649543e-07 3.792784134122464845e+00
2.660944206008583475e-07 3.820624775079739077e+00
2.672413793103448538e-07 3.848483603692265831e+00
2.683982683982683919e-07 3.878424561299279816e+00
2.695652173913043517e-07 3.911009026242207032e+00
2.707423580786026242e-07 3.945368633845399486e+00
2.719298245614035085e-07 3.979704301640999198e+00
2.731277533039647740e-07 4.012372873085423564e+00
2.743362831858407457e-07 4.041956064433167128e+00
2.755555555555555525e-07 4.067189770707851260e+00
2.767857142857142675e-07 4.087204022913811130e+00
2.780269058295964083e-07 4.101479133359161366e+00
2.792792792792792318e-07 4.109681724743853515e+00
2.805429864253393696e-07 4.111791515712710954e+00
2.818181818181817717e-07 4.108099948148805858e+00
2.831050228310502230e-07 4.099122809036003900e+00
2.844036697247706240e-07 4.085310477584898514e+00
2.857142857142857467e-07 4.067546778804488561e+00
2.870370370370369986e-07 4.046448965697069688e+00
2.883720930232558218e-07 4.022784909804978604e+00
2.897196261682242864e-07 3.997182619054870489e+00
2.910798122065727965e-07 3.970322709350498691e+00
2.924528301886792330e-07 3.942752269579992142e+00
2.938388625592417415e-07 3.914885544235574777e+00
2.952380952380952046e-07 3.887174217568167833e+00
2.966507177033493254e-07 3.859888733125617311e+00
2.980769230769230736e-07 3.833269466740778952e+00
2.995169082125604085e-07 3.807724582252659751e+00
3.009708737864077467e-07 3.783208969874212624e+00
3.024390243902439146e-07 3.759733727910498313e+00
3.039215686274509926e-07 3.737683574309532908e+00
3.054187192118226674e-07 3.716867233736776299e+00
3.069306930693069179e-07 3.697409090292949507e+00
3.084577114427861081e-07 3.679360124162533552e+00
3.099999999999999966e-07 3.662566226366956279e+00
3.115577889447236277e-07 3.647143252519617462e+00
3.131313131313131327e-07 3.633053676562643552e+00
3.147208121827410942e-07 3.620177011240957476e+00
3.163265306122448772e-07 3.608505154472939846e+00
3.179487179487179452e-07 3.598004311125913457e+00
3.195876288659793703e-07 3.588652510425878184e+00
3.212435233160621962e-07 3.580344080543620411e+00
3.229166666666666631e-07 3.573053553592402842e+00
3.246073298429319233e-07 3.566754506099576005e+00
3.263157894736842208e-07 3.561394238359919306e+00
3.280423280423280815e-07 3.556933188454229899e+00
3.297872340425532036e-07 3.553374850017431807e+00
3.315508021390374128e-07 3.550689223416133800e+00
3.333333333333333006e-07 3.548867559397780980e+00
3.351351351351351100e-07 3.547911408642331565e+00
3.369565217391304264e-07 3.547762677980417223e+00
3.387978142076502339e-07 3.548539524431172598e+00
3.406593406593406329e-07 3.550252650693478618e+00
3.425414364640883624e-07 3.552852732691248239e+00
3.444444444444444406e-07 3.556429535186051982e+00
3.463687150837988700e-07 3.560991062275474572e+00
3.483146067415730102e-07 3.566646651500540610e+00
3.502824858757062287e-07 3.573412671399079255e+00
3.522727272727272544e-07 3.581346921695213847e+00
3.542857142857142667e-07 3.590602196490420450e+00
3.563218390804597698e-07 3.601194073999855139e+00
3.583815028901734000e-07 3.613221893655952588e+00
3.604651162790697905e-07 3.626882861861036034e+00
3.625730994152046604e-07 3.642214379512640487e+00
3.647058823529411911e-07 3.659425394791905539e+00
3.668639053254437911e-07 3.678711766499592528e+00
3.690476190476190586e-07 3.700251447053243048e+00
3.712574850299401128e-07 3.724342977696187162e+00
3.734939759036144945e-07 3.751168154087003437e+00
3.757575757575757486e-07 3.781114818193643146e+00
3.780487804878048932e-07 3.814399924953869370e+00
3.803680981595092145e-07 3.851788442604619167e+00
3.827160493827159981e-07 3.895109303996693306e+00
3.850931677018633218e-07 3.948740372523061204e+00
3.874999999999999957e-07 4.018911673161170484e+00
3.899371069182389774e-07 4.107735609788922382e+00
3.924050632911392422e-07 4.208506491779570702e+00
3.949044585987260799e-07 4.305931132584373877e+00
3.974358974358974315e-07 4.385504448569382596e+00
3.999999999999999819e-07 4.441209638965899487e+00
4.025974025974025613e-07 4.476466650840711381e+00
4.052287581699346391e-07 4.498906247570334749e+00
4.078947368421052363e-07 4.516418918312663067e+00
4.105960264900662322e-07 4.535910366235079927e+00
4.133333333333333287e-07 4.564504521415593707e+00
4.161073825503355875e-07 4.611259423595872597e+00
4.189189189189189271e-07 4.688797934444431270e+00
4.217687074829931872e-07 4.807716746380409134e+00
4.246575342465753610e-07 4.955281369350281295e+00
4.275862068965517449e-07 5.082467748877821379e+00
4.305555555555555508e-07 5.140235273318425335e+00
4.335664335664336049e-07 5.128398595622796208e+00
4.366197183098591948e-07 5.081924538971857253e+00
4.397163120567375872e-07 5.027242625523200559e+00
4.428571428571428598e-07 4.971556166322827153e+00
4.460431654676259084e-07 4.915536210526361138e+00
4.492753623188405862e-07 4.859672846092096599e+00
4.525547445255474313e-07 4.804522859476369590e+00
4.558823529411764095e-07 4.751033941179277242e+00
4.592592592592592189e-07 4.699586563181720855e+00
4.626865671641790828e-07 4.650656943039017222e+00
4.661654135338345558e-07 4.604497394504987184e+00
4.696969696969696725e-07 4.561090498786656511e+00
4.732824427480915889e-07 4.520352606814999952e+00
4.769230769230769178e-07 4.482337341185869128e+00
4.806201550387596501e-07 4.446680276584580760e+00
4.843750000000000211e-07 4.413140567973266037e+00
4.881889763779527422e-07 4.381373209540853964e+00
4.920634920634920429e-07 4.351265050911933940e+00
4.959999999999999945e-07 4.322482652196717012e+00
4.999999999999999774e-07 4.294919666046837392e+00
5.040650406504065243e-07 4.268469087555900821e+00
5.081967213114754302e-07 4.242907260053250695e+00
5.123966942148760930e-07 4.218239107216594341e+00
5.166666666666666609e-07 4.194469889045049804e+00
5.210084033613445285e-07 4.171488946097227313e+00
5.254237288135593431e-07 4.149417740613540850e+00
5.299145299145299086e-07 4.128024186146079799e+00
5.344827586206897077e-07 4.107312224644832810e+00
5.391304347826087035e-07 4.087405870111107120e+00
5.438596491228070171e-07 4.068189901328854496e+00
5.486725663716814914e-07 4.049545832818881586e+00
5.535714285714285350e-07 4.031722429113096418e+00
5.585585585585584637e-07 4.014355648467780036e+00
5.636363636363635435e-07 3.997695796421708359e+00
5.688073394495412480e-07 3.981747445707862543e+00
5.740740740740739971e-07 3.966265614955989172e+00
5.794392523364485729e-07 3.951251771203003305e+00
5.849056603773584661e-07 3.936836345418766037e+00
5.904761904761904091e-07 3.923022308579772854e+00
5.961538461538461472e-07 3.909686679355387717e+00
6.019417475728154934e-07 3.896833249396165044e+00
6.078431372549019852e-07 3.884335251509461795e+00
6.138613861386138357e-07 3.872453352937904381e+00
6.199999999999999931e-07 3.860803638286042005e+00
6.262626262626262653e-07 3.849646409432957217e+00
6.326530612244897543e-07 3.838985928972824535e+00
6.391752577319587405e-07 3.828563807881448788e+00
6.458333333333333262e-07 3.818513263722992601e+00
6.526315789473684417e-07 3.808835320985422879e+00
6.595744680851064072e-07 3.799664245613588953e+00
6.666666666666666012e-07 3.790738822827782517e+00
6.739130434782608529e-07 3.782452634898837207e+00
6.813186813186812657e-07 3.774535199508787464e+00
6.888888888888888812e-07 3.766976016382832526e+00
6.966292134831460204e-07 3.759109403084510692e+00
7.045454545454545088e-07 3.750157401859981032e+00
7.126436781609195396e-07 3.740280975361245819e+00
7.209302325581395811e-07 3.729892602434686566e+00
7.294117647058823822e-07 3.719921018223032227e+00
7.380952380952381173e-07 3.710620477078332424e+00
7.469879518072289890e-07 3.701847983824352095e+00
7.560975609756097864e-07 3.693601811077617647e+00
7.654320987654319962e-07 3.685748303357740951e+00
7.749999999999999914e-07 3.678289611557866490e+00
7.848101265822784844e-07 3.671091942418579279e+00
7.948717948717948630e-07 3.664429439245262099e+00
8.051948051948051226e-07 3.658031825737969811e+00
8.157894736842104727e-07 3.652037463271680995e+00
8.266666666666666575e-07 3.646722657940524748e+00
8.378378378378378543e-07 3.642365553279895085e+00
8.493150684931507219e-07 3.640066000729626605e+00
8.611111111111111016e-07 3.642659071176301389e+00
8.732394366197183896e-07 3.645092945213253000e+00
8.857142857142857196e-07 3.628247631207002666e+00
8.985507246376811725e-07 3.600972549468655526e+00
9.117647058823528190e-07 3.579804469806524558e+00
9.253731343283581655e-07 3.563705936542079566e+00
9.393939393939393450e-07 3.550070421852307589e+00
9.538461538461538356e-07 3.537937252129220944e+00
9.687500000000000422e-07 3.526754882324553808e+00
9.841269841269840858e-07 3.516390194503448363e+00
9.999999999999999547e-07 3.506707857806235840e+00
1.016393442622950860e-06 3.497570585420686218e+00
1.033333333333333322e-06 3.488982659744814363e+00
1.050847457627118686e-06 3.480660856791422564e+00
1.068965517241379415e-06 3.472751070837067910e+00
1.087719298245614034e-06 3.465256123290167078e+00
1.107142857142857070e-06 3.457889529756553948e+00
1.127272727272727087e-06 3.450941900409220331e+00
1.148148148148147994e-06 3.444270604932196722e+00
1.169811320754716932e-06 3.437731810365665996e+00
1.192307692307692294e-06 3.431471987354698161e+00
1.215686274509803970e-06 3.425492665296482553e+00
1.239999999999999986e-06 3.419649104805930317e+00
1.265306122448979509e-06 3.413942003022312655e+00
1.291666666666666652e-06 3.408518739863402924e+00
1.319148936170212814e-06 3.403233756297090018e+00
1.347826086956521706e-06 3.398087697514589056e+00
1.377777777777777762e-06 3.393228551099969792e+00
1.409090909090909018e-06 3.388362436340008887e+00
1.441860465116279162e-06 3.383784863137726084e+00
1.476190476190476235e-06 3.379349049743160194e+00
1.512195121951219573e-06 3.375055555098315896e+00
1.549999999999999983e-06 3.370904923013996690e+00
1.589743589743589726e-06 3.366749173906485204e+00
1.631578947368420945e-06 3.362885665615172215e+00
1.675675675675675709e-06 3.359166563301081876e+00
1.722222222222222203e-06 3.355443338815304877e+00
1.771428571428571439e-06 3.352014319778482410e+00
1.823529411764705638e-06 3.348581789355009608e+00
1.878787878787878690e-06 3.345295203715211940e+00
1.937500000000000084e-06 3.342154993413680497e+00
1.999999999999999909e-06 3.339161571412800011e+00
2.066666666666666644e-06 3.336165463522455354e+00
2.137931034482758831e-06 3.333466664000106494e+00
2.214285714285714140e-06 3.330765677738378283e+00
2.296296296296295988e-06 3.328062499413134478e+00
2.384615384615384589e-06 3.325657829663178244e+00
2.479999999999999972e-06 3.323251419919955651e+00
2.583333333333333305e-06 3.320993827154756772e+00
2.695652173913043412e-06 3.318885355055217978e+00
2.818181818181818035e-06 3.316775542601579030e+00
2.952380952380952469e-06 3.314815228636431854e+00
3.099999999999999966e-06 3.312853754695489261e+00
3.263157894736841891e-06 3.311193138432127370e+00
3.444444444444444406e-06 3.309380606699688698e+00
3.647058823529411276e-06 3.307869404919124179e+00
3.875000000000000169e-06 3.306357512429652701e+00
4.133333333333333287e-06 3.304996217849575757e+00
4.428571428571428280e-06 3.303634362334912034e+00
4.769230769230769178e-06 3.302423352630610154e+00
5.166666666666666609e-06 3.301363354736948530e+00
5.636363636363636070e-06 3.300303016391070710e+00
6.199999999999999931e-06 3.299393883730767918e+00
