2.399999999999999786e-07 1.695632000000000028e+00
2.449999999999999836e-07 1.995954000000000006e+00
2.499999999999999887e-07 2.489192000000000071e+00
2.549999999999999938e-07 3.018085999999999824e+00
2.599999999999999988e-07 3.389705999999999886e+00
2.650000000000000039e-07 3.692099999999999937e+00
2.700000000000000090e-07 3.828479000000000187e+00
2.750000000000000140e-07 3.956828999999999930e+00
2.799999999999999662e-07 3.989487000000000005e+00
2.849999999999999712e-07 3.994273000000000184e+00
2.899999999999999763e-07 3.908875999999999795e+00
2.949999999999999814e-07 3.837060999999999833e+00
2.999999999999999864e-07 3.757467999999999808e+00
3.049999999999999915e-07 3.691317999999999877e+00
3.099999999999999966e-07 3.635448999999999931e+00
3.150000000000000016e-07 3.589408999999999850e+00
3.200000000000000067e-07 3.557713999999999821e+00
3.250000000000000118e-07 3.530272000000000077e+00
3.299999999999999639e-07 3.520145999999999997e+00
3.349999999999999690e-07 3.504931000000000019e+00
3.399999999999999740e-07 3.507941000000000198e+00
3.449999999999999791e-07 3.509361999999999870e+00
3.499999999999999842e-07 3.517832999999999988e+00
3.549999999999999892e-07 3.532010000000000094e+00
3.599999999999999943e-07 3.560455999999999843e+00
3.649999999999999994e-07 3.588537000000000088e+00
3.700000000000000044e-07 3.622904999999999820e+00
3.750000000000000095e-07 3.663644000000000123e+00
3.799999999999999616e-07 3.725727000000000011e+00
3.849999999999999667e-07 3.787611000000000061e+00
3.899999999999999718e-07 3.882210999999999856e+00
3.949999999999999768e-07 3.983807000000000098e+00
3.999999999999999819e-07 4.116117000000000026e+00
4.049999999999999870e-07 4.208991000000000149e+00
4.099999999999999920e-07 4.272948999999999664e+00
4.149999999999999971e-07 4.325205000000000410e+00
4.199999999999999492e-07 4.375002000000000280e+00
4.249999999999999543e-07 4.452844999999999942e+00
4.299999999999999594e-07 4.616919000000000217e+00
4.349999999999999644e-07 4.827320000000000277e+00
4.399999999999999695e-07 4.952265999999999835e+00
4.449999999999999746e-07 4.971295999999999715e+00
4.499999999999999267e-07 4.936450999999999922e+00
4.549999999999999318e-07 4.866441000000000017e+00
4.599999999999999368e-07 4.792337999999999987e+00
4.649999999999999419e-07 4.724356000000000222e+00
4.699999999999999470e-07 4.658985999999999628e+00
4.749999999999999520e-07 4.595098000000000127e+00
4.799999999999999571e-07 4.541252000000000066e+00
4.850000000000000151e-07 4.492733000000000310e+00
4.899999999999999672e-07 4.443550000000000111e+00
4.950000000000000252e-07 4.399447999999999581e+00
4.999999999999999774e-07 4.359300000000000175e+00
5.049999999999999295e-07 4.323921000000000348e+00
5.099999999999999875e-07 4.289316000000000351e+00
5.149999999999999396e-07 4.256332999999999700e+00
5.199999999999999976e-07 4.225420999999999871e+00
5.249999999999999498e-07 4.196761999999999659e+00
5.300000000000000078e-07 4.169643999999999906e+00
5.349999999999998540e-07 4.144135999999999598e+00
5.400000000000000179e-07 4.119969000000000214e+00
5.449999999999998642e-07 4.095240000000000435e+00
5.500000000000000281e-07 4.076279999999999681e+00
5.549999999999998743e-07 4.054678000000000004e+00
5.600000000000000382e-07 4.033546000000000298e+00
5.649999999999998844e-07 4.014923999999999715e+00
5.700000000000000483e-07 3.994104999999999794e+00
5.749999999999998946e-07 3.981146999999999991e+00
5.800000000000000585e-07 3.962477999999999945e+00
5.849999999999999047e-07 3.948099000000000025e+00
5.900000000000000686e-07 3.937018999999999824e+00
5.949999999999999148e-07 3.920895999999999937e+00
5.999999999999999728e-07 3.908164999999999889e+00
6.049999999999999250e-07 3.900761999999999841e+00
6.099999999999999830e-07 3.883652999999999800e+00
6.149999999999999351e-07 3.873934999999999906e+00
6.199999999999999931e-07 3.864592000000000027e+00
6.249999999999999452e-07 3.852651999999999965e+00
6.300000000000000033e-07 3.841298999999999797e+00
6.349999999999999554e-07 3.831545999999999896e+00
6.400000000000000134e-07 3.817061999999999955e+00
6.449999999999999655e-07 3.809454999999999814e+00
6.500000000000000235e-07 3.802970000000000184e+00
6.549999999999999757e-07 3.791142999999999930e+00
6.599999999999999278e-07 3.786988000000000021e+00
6.649999999999999858e-07 3.782547000000000104e+00
6.699999999999999379e-07 3.775244999999999962e+00
6.749999999999999959e-07 3.769044000000000061e+00
6.799999999999999481e-07 3.756377000000000077e+00
6.850000000000000061e-07 3.747789000000000037e+00
6.899999999999999582e-07 3.750386999999999915e+00
6.950000000000000162e-07 3.746783000000000197e+00
6.999999999999999683e-07 3.738356000000000012e+00
7.050000000000000263e-07 3.724130000000000162e+00
7.099999999999999785e-07 3.724619999999999820e+00
7.150000000000000365e-07 3.723088999999999871e+00
7.199999999999999886e-07 3.712150999999999978e+00
7.249999999999999407e-07 3.712152000000000118e+00
7.299999999999999987e-07 3.705201000000000189e+00
7.349999999999999509e-07 3.704201999999999995e+00
7.400000000000000089e-07 3.699872000000000050e+00
7.449999999999999610e-07 3.695720000000000116e+00
7.500000000000000190e-07 3.691720999999999808e+00
7.549999999999999711e-07 3.683005999999999780e+00
7.599999999999999233e-07 3.677099999999999813e+00
7.649999999999999813e-07 3.674824000000000090e+00
7.699999999999999334e-07 3.671771999999999814e+00
7.749999999999999914e-07 3.666894999999999794e+00
7.799999999999999435e-07 3.665506000000000153e+00
7.850000000000000015e-07 3.660798999999999914e+00
7.899999999999999537e-07 3.659802000000000000e+00
7.950000000000000117e-07 3.653001000000000165e+00
7.999999999999999638e-07 3.653004999999999836e+00
8.050000000000000218e-07 3.650596000000000174e+00
8.099999999999999739e-07 3.647603999999999846e+00
8.150000000000000319e-07 3.642828000000000177e+00
8.199999999999998782e-07 3.638914000000000204e+00
8.249999999999999362e-07 3.640051999999999843e+00
8.299999999999998883e-07 3.636391000000000151e+00
8.349999999999999463e-07 3.636249999999999982e+00
8.399999999999998985e-07 3.634122000000000074e+00
