2.066666666666666644e-07 1.299804461159183910e+00
2.073578595317725660e-07 1.303837077328455329e+00
2.080536912751677938e-07 1.307553960802918969e+00
2.087542087542087286e-07 1.311044864593546411e+00
2.094594594594594636e-07 1.314390910625755193e+00
2.101694915254237108e-07 1.317633945215751945e+00
2.108843537414965936e-07 1.320838533467424414e+00
2.116040955631399228e-07 1.324068382728231796e+00
2.123287671232876805e-07 1.327363408439475201e+00
2.130584192439862380e-07 1.330770379105274959e+00
2.137931034482758725e-07 1.334320323519459617e+00
2.145328719723183197e-07 1.338065920336443781e+00
2.152777777777777754e-07 1.342028992273528232e+00
2.160278745644599239e-07 1.346245585816345125e+00
2.167832167832168025e-07 1.350780155421790196e+00
2.175438596491227962e-07 1.355622479126170177e+00
2.183098591549295974e-07 1.360849145547829542e+00
2.190812720848056357e-07 1.366470026434536855e+00
2.198581560283687936e-07 1.372522939942032449e+00
2.206405693950177806e-07 1.379043949740466068e+00
2.214285714285714299e-07 1.386082123725828952e+00
2.222222222222222180e-07 1.393628814890689016e+00
2.230215827338129542e-07 1.401744114923424878e+00
2.238267148014440504e-07 1.410451727017732582e+00
2.246376811594202931e-07 1.419787287119252728e+00
2.254545454545454544e-07 1.429744721980275690e+00
2.262773722627737157e-07 1.440404165366411471e+00
2.271062271062271151e-07 1.451743030480676877e+00
2.279411764705882047e-07 1.463818014459304484e+00
2.287822878228782400e-07 1.476663515664781157e+00
2.296296296296296094e-07 1.490292491698147925e+00
2.304832713754646819e-07 1.504761424547242488e+00
2.313432835820895414e-07 1.520124685021057465e+00
2.322097378277153666e-07 1.536432692183781423e+00
2.330827067669172779e-07 1.553801579046002690e+00
2.339622641509434076e-07 1.572334384660411422e+00
2.348484848484848363e-07 1.592201558925381510e+00
2.357414448669201582e-07 1.613695757787935170e+00
2.366412213740457945e-07 1.636876259792345412e+00
2.375478927203065309e-07 1.662278524799841728e+00
2.384615384615384589e-07 1.690200516610056658e+00
2.393822393822393794e-07 1.721196770743203652e+00
2.403100775193798251e-07 1.755719442911969796e+00
2.412451361867704515e-07 1.794240248623717227e+00
2.421875000000000105e-07 1.837607410897417637e+00
2.431372549019607941e-07 1.886393513502161223e+00
2.440944881889763711e-07 1.940899244678353508e+00
2.450592885375494059e-07 2.001997768324524252e+00
2.460317460317460215e-07 2.069754878150584343e+00
2.470119521912350783e-07 2.144521221140981204e+00
2.479999999999999972e-07 2.226372927028880344e+00
2.489959839357429258e-07 2.314928881531109539e+00
2.499999999999999887e-07 2.409829029048196070e+00
2.510121457489878459e-07 2.510496494715046989e+00
2.520325203252032621e-07 2.615839799242402286e+00
2.530612244897959123e-07 2.724947204659925237e+00
2.540983606557377151e-07 2.836345035362461076e+00
2.551440329218106654e-07 2.948756532304134925e+00
2.561983471074380465e-07 3.060624752104465607e+00
2.572614107883817340e-07 3.170463691421690822e+00
2.583333333333333305e-07 3.276691490007634933e+00
2.594142259414225848e-07 3.377984531434734539e+00
2.605042016806722642e-07 3.472966802323590674e+00
2.616033755274261615e-07 3.560612376889625175e+00
2.627118644067796716e-07 3.639933902753312633e+00
2.638297872340425311e-07 3.710341467602528809e+00
2.649572649572649543e-07 3.771477059362721374e+00
2.660944206008583475e-07 3.823340131426749888e+00
2.672413793103448538e-07 3.866704051541775655e+00
2.683982683982683919e-07 3.902607314635188729e+00
2.695652173913043517e-07 3.932280087591164541e+00
2.707423580786026242e-07 3.956743887030927720e+00
2.719298245614035085e-07 3.976615542124112501e+00
2.731277533039647740e-07 3.992112249014278191e+00
2.743362831858407457e-07 4.003734050878922091e+00
2.755555555555555525e-07 4.011755229007049728e+00
2.767857142857142675e-07 4.016519911116576580e+00
2.780269058295964083e-07 4.018423883652413764e+00
2.792792792792792318e-07 4.017742661554955852e+00
2.805429864253393696e-07 4.014731249208093544e+00
2.818181818181817717e-07 4.009630377295673398e+00
2.831050228310502230e-07 4.002525463458877830e+00
2.844036697247706240e-07 3.993550405412520377e+00
2.857142857142857467e-07 3.982856848828189023e+00
2.870370370370369986e-07 3.970528337095950988e+00
2.883720930232558218e-07 3.956627622993021287e+00
2.897196261682242864e-07 3.941426661935456988e+00
2.910798122065727965e-07 3.924889928672364636e+00
2.924528301886792330e-07 3.907303679209687353e+00
2.938388625592417415e-07 3.888853918165890544e+00
2.952380952380952046e-07 3.869727049295934140e+00
2.966507177033493254e-07 3.850040198730757091e+00
2.980769230769230736e-07 3.830201228667746260e+00
2.995169082125604085e-07 3.810182564860761012e+00
3.009708737864077467e-07 3.790322338509243938e+00
3.024390243902439146e-07 3.770861618173150021e+00
3.039215686274509926e-07 3.751634925972708867e+00
3.054187192118226674e-07 3.733160266923083892e+00
3.069306930693069179e-07 3.715281616724683378e+00
3.084577114427861081e-07 3.698180596029596590e+00
3.099999999999999966e-07 3.682014401694461814e+00
3.115577889447236277e-07 3.666700757093896090e+00
3.131313131313131327e-07 3.652324911593513690e+00
3.147208121827410942e-07 3.638984099819186913e+00
3.163265306122448772e-07 3.626552613208423370e+00
3.179487179487179452e-07 3.615151233248932172e+00
3.195876288659793703e-07 3.604755017269980044e+00
3.212435233160621962e-07 3.595280679558799708e+00
3.229166666666666631e-07 3.586793263103545293e+00
3.246073298429319233e-07 3.579207178299140146e+00
3.263157894736842208e-07 3.572517489875774110e+00
3.280423280423280815e-07 3.566682694852445934e+00
3.297872340425532036e-07 3.561743156826359336e+00
3.315508021390374128e-07 3.557655856731853472e+00
3.333333333333333006e-07 3.554343742918204541e+00
3.351351351351351100e-07 3.551856352142051865e+00
3.369565217391304264e-07 3.550148257141407804e+00
3.387978142076502339e-07 3.549209650571303332e+00
3.406593406593406329e-07 3.549099725074738920e+00
3.425414364640883624e-07 3.549760221505836810e+00
3.444444444444444406e-07 3.551179817885619538e+00
3.463687150837988700e-07 3.553507710623516225e+00
3.483146067415730102e-07 3.556566536775493503e+00
3.502824858757062287e-07 3.560541006155278243e+00
3.522727272727272544e-07 3.565391456635621736e+00
3.542857142857142667e-07 3.571216290516454617e+00
3.563218390804597698e-07 3.577973925340246275e+00
3.583815028901734000e-07 3.585818980085886842e+00
3.604651162790697905e-07 3.594798104465284361e+00
3.625730994152046604e-07 3.605014529502742704e+00
3.647058823529411911e-07 3.616495440042740928e+00
3.668639053254437911e-07 3.629408041886024172e+00
3.690476190476190586e-07 3.643921334973819537e+00
3.712574850299401128e-07 3.660120902799239850e+00
3.734939759036144945e-07 3.678187477413334072e+00
3.757575757575757486e-07 3.698316266871505054e+00
3.780487804878048932e-07 3.720705303148601928e+00
3.803680981595092145e-07 3.745677375704705714e+00
3.827160493827159981e-07 3.773643749271068160e+00
3.850931677018633218e-07 3.805274787258642544e+00
3.874999999999999957e-07 3.841704864968917832e+00
3.899371069182389774e-07 3.884745398651632708e+00
3.924050632911392422e-07 3.936414269578720315e+00
3.949044585987260799e-07 3.997738629141443845e+00
3.974358974358974315e-07 4.068231464061403457e+00
3.999999999999999819e-07 4.144457343468785027e+00
4.025974025974025613e-07 4.221014622763339830e+00
4.052287581699346391e-07 4.291689613704820161e+00
4.078947368421052363e-07 4.351517176373490337e+00
4.105960264900662322e-07 4.398284524693615083e+00
4.133333333333333287e-07 4.432697419485572610e+00
4.161073825503355875e-07 4.457775761940571790e+00
4.189189189189189271e-07 4.478133999133180332e+00
4.217687074829931872e-07 4.499515052203079790e+00
4.246575342465753610e-07 4.528309393166303209e+00
4.275862068965517449e-07 4.572761551197505270e+00
4.305555555555555508e-07 4.640774132964065934e+00
4.335664335664336049e-07 4.734058050336622969e+00
4.366197183098591948e-07 4.839616966496453898e+00
4.397163120567375872e-07 4.930253324081055766e+00
4.428571428571428598e-07 4.981138724991386546e+00
4.460431654676259084e-07 4.986699108468800823e+00
4.492753623188405862e-07 4.959614304472111712e+00
4.525547445255474313e-07 4.917018136937919337e+00
4.558823529411764095e-07 4.869531241721003489e+00
4.592592592592592189e-07 4.820851214907436066e+00
4.626865671641790828e-07 4.772202344292367115e+00
4.661654135338345558e-07 4.723863059946572740e+00
4.696969696969696725e-07 4.676538448065218567e+00
4.732824427480915889e-07 4.630647798125411718e+00
4.769230769230769178e-07 4.586595253793405824e+00
4.806201550387596501e-07 4.544528610874701613e+00
4.843750000000000211e-07 4.504541855292590213e+00
4.881889763779527422e-07 4.466869597539130154e+00
4.920634920634920429e-07 4.431343579937276900e+00
4.959999999999999945e-07 4.397807125009117968e+00
4.999999999999999774e-07 4.366231350352123286e+00
5.040650406504065243e-07 4.336261254508555929e+00
5.081967213114754302e-07 4.307774623655534540e+00
5.123966942148760930e-07 4.280536703019349964e+00
5.166666666666666609e-07 4.254551975959236287e+00
5.210084033613445285e-07 4.229474974276837607e+00
5.254237288135593431e-07 4.205309923667814864e+00
5.299145299145299086e-07 4.182063482147739819e+00
5.344827586206897077e-07 4.159500697154228099e+00
5.391304347826087035e-07 4.137744552166533474e+00
5.438596491228070171e-07 4.116800263168353347e+00
5.486725663716814914e-07 4.096429651626597668e+00
5.535714285714285350e-07 4.076756351985573623e+00
5.585585585585584637e-07 4.057784169986467404e+00
5.636363636363635435e-07 4.039517024568480608e+00
5.688073394495412480e-07 4.021713470555424941e+00
5.740740740740739971e-07 4.004620737796213525e+00
5.794392523364485729e-07 3.988120049547202672e+00
5.849056603773584661e-07 3.972214809963586557e+00
5.904761904761904091e-07 3.956908442394620362e+00
5.961538461538461472e-07 3.942077256778443228e+00
6.019417475728154934e-07 3.927851677730300750e+00
6.078431372549019852e-07 3.914107049691034845e+00
6.138613861386138357e-07 3.900846203345098129e+00
6.199999999999999931e-07 3.888071946493780295e+00
6.262626262626262653e-07 3.875786257560818626e+00
6.326530612244897543e-07 3.863992688392690500e+00
6.391752577319587405e-07 3.852563830190322669e+00
6.458333333333333262e-07 3.841632424045374972e+00
6.526315789473684417e-07 3.830940892472364911e+00
6.595744680851064072e-07 3.820749724762046551e+00
6.666666666666666012e-07 3.810932152759516800e+00
6.739130434782608529e-07 3.801490311693723978e+00
6.813186813186812657e-07 3.792426295880344078e+00
6.888888888888888812e-07 3.783609681713107520e+00
6.966292134831460204e-07 3.775175044552955939e+00
7.045454545454545088e-07 3.767123007840257110e+00
7.126436781609195396e-07 3.759323543392438793e+00
7.209302325581395811e-07 3.751910045203186161e+00
7.294117647058823822e-07 3.745015162505305639e+00
7.380952380952381173e-07 3.738632534419091158e+00
7.469879518072289890e-07 3.732482802659220056e+00
7.560975609756097864e-07 3.726291527950284621e+00
7.654320987654319962e-07 3.719134373865149890e+00
7.749999999999999914e-07 3.710774658901329293e+00
7.848101265822784844e-07 3.701905786856237945e+00
7.948717948717948630e-07 3.693198319880517388e+00
8.051948051948051226e-07 3.685042402688551100e+00
8.157894736842104727e-07 3.677425411622600393e+00
8.266666666666666575e-07 3.670479147092370997e+00
8.378378378378378543e-07 3.663796276345305802e+00
8.493150684931507219e-07 3.657514201988344205e+00
8.611111111111111016e-07 3.651498188579253679e+00
8.732394366197183896e-07 3.645886652017464424e+00
8.857142857142857196e-07 3.640681597509602518e+00
8.985507246376811725e-07 3.635747801161027581e+00
9.117647058823528190e-07 3.631362253913827498e+00
9.253731343283581655e-07 3.627941299819867016e+00
9.393939393939393450e-07 3.626176853854191862e+00
9.538461538461538356e-07 3.628659420426915805e+00
9.687500000000000422e-07 3.635375974860302506e+00
9.841269841269840858e-07 3.626919969417203848e+00
9.999999999999999547e-07 3.599864104546536048e+00
1.016393442622950860e-06 3.576171247877515391e+00
1.033333333333333322e-06 3.559072931799724948e+00
1.050847457627118686e-06 3.545137518720808956e+00
1.068965517241379415e-06 3.532845878943258189e+00
1.087719298245614034e-06 3.521789318028198945e+00
1.107142857142857070e-06 3.511694747562943419e+00
1.127272727272727087e-06 3.502284968417783695e+00
1.148148148148147994e-06 3.493422390722362270e+00
1.169811320754716932e-06 3.485111189044045599e+00
1.192307692307692294e-06 3.477211526496482463e+00
1.215686274509803970e-06 3.469726213982884389e+00
1.239999999999999986e-06 3.462657938636156896e+00
1.265306122448979509e-06 3.455864580680209297e+00
1.291666666666666652e-06 3.449347764433154495e+00
1.319148936170212814e-06 3.442963839484812105e+00
1.347826086956521706e-06 3.437004509743913694e+00
1.377777777777777762e-06 3.431180554852804487e+00
1.409090909090909018e-06 3.425638626592127700e+00
1.441860465116279162e-06 3.420380095837303180e+00
1.476190476190476235e-06 3.415259872981849743e+00
1.512195121951219573e-06 3.410278580995986797e+00
1.549999999999999983e-06 3.405436829541843125e+00
1.589743589743589726e-06 3.400882238478715625e+00
1.631578947368420945e-06 3.396468754456604788e+00
1.675675675675675709e-06 3.392196928245764465e+00
1.722222222222222203e-06 3.388067295671678192e+00
1.771428571428571439e-06 3.384080377296024178e+00
1.823529411764705638e-06 3.380384593504117685e+00
1.878787878787878690e-06 3.376684764676738393e+00
1.937500000000000084e-06 3.373129111077724396e+00
1.999999999999999909e-06 3.369718089098849401e+00
2.066666666666666644e-06 3.366600659418933716e+00
2.137931034482758831e-06 3.363480340361751253e+00
2.214285714285714140e-06 3.360357123878353391e+00
2.296296296296295988e-06 3.357528853189500229e+00
2.384615384615384589e-06 3.354847239443250917e+00
2.479999999999999972e-06 3.352163480500317316e+00
2.583333333333333305e-06 3.349626844888845323e+00
2.695652173913043412e-06 3.347237667092075597e+00
2.818181818181818035e-06 3.344996263077135268e+00
2.952380952380952469e-06 3.342753356142208698e+00
3.099999999999999966e-06 3.340658617698013089e+00
3.263157894736841891e-06 3.338712326631331884e+00
3.444444444444444406e-06 3.336914742692716818e+00
3.647058823529411276e-06 3.335116189880046544e+00
3.875000000000000169e-06 3.333616654626023301e+00
4.133333333333333287e-06 3.331966386385072809e+00
4.428571428571428280e-06 3.330615558721840674e+00
4.769230769230769178e-06 3.329264182968963315e+00
5.166666666666666609e-06 3.328062499413134478e+00
5.636363636363636070e-06 3.326860381801436617e+00
6.199999999999999931e-06 3.325808172459740586e+00
