2.399999999999999786e-07 2.355464000000000002e+00
2.449999999999999836e-07 1.993884999999999907e+00
2.499999999999999887e-07 2.347437999999999914e+00
2.549999999999999938e-07 2.821813000000000127e+00
2.599999999999999988e-07 3.279999000000000109e+00
2.650000000000000039e-07 3.556801999999999797e+00
2.700000000000000090e-07 3.737090999999999941e+00
2.750000000000000140e-07 3.864686999999999983e+00
2.799999999999999662e-07 3.907057000000000002e+00
2.849999999999999712e-07 3.894471999999999934e+00
2.899999999999999763e-07 3.823866999999999905e+00
2.949999999999999814e-07 3.753074999999999939e+00
2.999999999999999864e-07 3.689078999999999997e+00
3.049999999999999915e-07 3.627212999999999798e+00
3.099999999999999966e-07 3.577074999999999783e+00
3.150000000000000016e-07 3.528846000000000149e+00
3.200000000000000067e-07 3.501790999999999876e+00
3.250000000000000118e-07 3.472210000000000019e+00
3.299999999999999639e-07 3.457139999999999880e+00
3.349999999999999690e-07 3.443756000000000039e+00
3.399999999999999740e-07 3.437894000000000005e+00
3.449999999999999791e-07 3.433574999999999822e+00
3.499999999999999842e-07 3.440101999999999993e+00
3.549999999999999892e-07 3.453672000000000075e+00
3.599999999999999943e-07 3.460987999999999953e+00
3.649999999999999994e-07 3.484379999999999811e+00
3.700000000000000044e-07 3.514873999999999832e+00
3.750000000000000095e-07 3.549491999999999869e+00
3.799999999999999616e-07 3.588191999999999826e+00
3.849999999999999667e-07 3.648801000000000183e+00
3.899999999999999718e-07 3.695730000000000182e+00
3.949999999999999768e-07 3.772842999999999947e+00
3.999999999999999819e-07 3.882267000000000134e+00
4.049999999999999870e-07 3.983560000000000212e+00
4.099999999999999920e-07 4.038820000000000299e+00
4.149999999999999971e-07 4.085920999999999914e+00
4.199999999999999492e-07 4.105343000000000409e+00
4.249999999999999543e-07 4.141672999999999938e+00
4.299999999999999594e-07 4.248630999999999602e+00
4.349999999999999644e-07 4.413103000000000442e+00
4.399999999999999695e-07 4.586983000000000033e+00
4.449999999999999746e-07 4.751052999999999749e+00
4.499999999999999267e-07 4.845526000000000444e+00
4.549999999999999318e-07 4.864519999999999733e+00
4.599999999999999368e-07 4.835857999999999990e+00
4.649999999999999419e-07 4.783135999999999832e+00
4.699999999999999470e-07 4.722685000000000244e+00
4.749999999999999520e-07 4.660565000000000069e+00
4.799999999999999571e-07 4.597693999999999726e+00
4.850000000000000151e-07 4.535756000000000121e+00
4.899999999999999672e-07 4.480610999999999677e+00
4.950000000000000252e-07 4.438468000000000302e+00
4.999999999999999774e-07 4.396670000000000300e+00
5.049999999999999295e-07 4.356994000000000256e+00
5.099999999999999875e-07 4.320466999999999835e+00
5.149999999999999396e-07 4.282671999999999812e+00
5.199999999999999976e-07 4.246292999999999651e+00
5.249999999999999498e-07 4.210820000000000007e+00
5.300000000000000078e-07 4.175544999999999618e+00
5.349999999999998540e-07 4.150379000000000040e+00
5.400000000000000179e-07 4.128961999999999577e+00
5.449999999999998642e-07 4.103729999999999656e+00
5.500000000000000281e-07 4.079936000000000007e+00
5.549999999999998743e-07 4.057980999999999838e+00
5.600000000000000382e-07 4.037117000000000289e+00
5.649999999999998844e-07 4.015360000000000262e+00
5.700000000000000483e-07 3.991535999999999973e+00
5.749999999999998946e-07 3.971550999999999831e+00
5.800000000000000585e-07 3.955249999999999932e+00
5.849999999999999047e-07 3.938649999999999984e+00
5.900000000000000686e-07 3.922358000000000011e+00
5.949999999999999148e-07 3.907678000000000207e+00
5.999999999999999728e-07 3.893540999999999919e+00
6.049999999999999250e-07 3.878423000000000176e+00
6.099999999999999830e-07 3.864409000000000205e+00
6.149999999999999351e-07 3.854405999999999999e+00
6.199999999999999931e-07 3.844427000000000039e+00
6.249999999999999452e-07 3.830363999999999880e+00
6.300000000000000033e-07 3.815481999999999818e+00
6.349999999999999554e-07 3.801502000000000159e+00
6.400000000000000134e-07 3.789076000000000111e+00
6.449999999999999655e-07 3.780596000000000068e+00
6.500000000000000235e-07 3.774227000000000221e+00
6.549999999999999757e-07 3.767621000000000109e+00
6.599999999999999278e-07 3.759914999999999896e+00
6.649999999999999858e-07 3.752432000000000212e+00
6.699999999999999379e-07 3.745709000000000177e+00
6.749999999999999959e-07 3.738979000000000052e+00
6.799999999999999481e-07 3.731605000000000061e+00
6.850000000000000061e-07 3.723713000000000051e+00
6.899999999999999582e-07 3.715179000000000009e+00
6.950000000000000162e-07 3.705645000000000078e+00
6.999999999999999683e-07 3.696868999999999961e+00
7.050000000000000263e-07 3.691278000000000059e+00
7.099999999999999785e-07 3.688034000000000034e+00
7.150000000000000365e-07 3.684848000000000123e+00
7.199999999999999886e-07 3.678113000000000188e+00
7.249999999999999407e-07 3.670850999999999864e+00
7.299999999999999987e-07 3.664270000000000138e+00
7.349999999999999509e-07 3.659984999999999822e+00
7.400000000000000089e-07 3.656282000000000032e+00
7.449999999999999610e-07 3.652598999999999929e+00
7.500000000000000190e-07 3.648226000000000191e+00
7.549999999999999711e-07 3.643724999999999881e+00
7.599999999999999233e-07 3.639038999999999913e+00
7.649999999999999813e-07 3.633989000000000136e+00
7.699999999999999334e-07 3.629284000000000177e+00
7.749999999999999914e-07 3.625274000000000107e+00
7.799999999999999435e-07 3.623549000000000131e+00
7.850000000000000015e-07 3.622412000000000187e+00
7.899999999999999537e-07 3.621407000000000043e+00
7.950000000000000117e-07 3.618746999999999936e+00
7.999999999999999638e-07 3.615561000000000025e+00
8.050000000000000218e-07 3.612619000000000025e+00
8.099999999999999739e-07 3.610910000000000064e+00
8.150000000000000319e-07 3.612166999999999906e+00
8.199999999999998782e-07 3.613423000000000052e+00
8.249999999999999362e-07 3.613824000000000147e+00
8.299999999999998883e-07 3.612442000000000153e+00
8.349999999999999463e-07 3.608480000000000132e+00
8.399999999999998985e-07 3.601192000000000171e+00
