2.066666666666666644e-07 1.302197898774372087e+00
2.073578595317725660e-07 1.305297779205606634e+00
2.080536912751677938e-07 1.308076370590310677e+00
2.087542087542087286e-07 1.310624911371992773e+00
2.094594594594594636e-07 1.313011885998747630e+00
2.101694915254237108e-07 1.315311831515915575e+00
2.108843537414965936e-07 1.317567473149076518e+00
2.116040955631399228e-07 1.319837428719669026e+00
2.123287671232876805e-07 1.322163306094229718e+00
2.130584192439862380e-07 1.324601561779881420e+00
2.137931034482758725e-07 1.327184431677368659e+00
2.145328719723183197e-07 1.329967245898339367e+00
2.152777777777777754e-07 1.332972724738426429e+00
2.160278745644599239e-07 1.336238647266654977e+00
2.167832167832168025e-07 1.339816860933477072e+00
2.175438596491227962e-07 1.343727807117172990e+00
2.183098591549295974e-07 1.348028321417137354e+00
2.190812720848056357e-07 1.352736590082792789e+00
2.198581560283687936e-07 1.357891973633601257e+00
2.206405693950177806e-07 1.363547097754223669e+00
2.214285714285714299e-07 1.369716185619399562e+00
2.222222222222222180e-07 1.376441492937404476e+00
2.230215827338129542e-07 1.383741877487292271e+00
2.238267148014440504e-07 1.391663602164397995e+00
2.246376811594202931e-07 1.400222615269500759e+00
2.254545454545454544e-07 1.409461566681752265e+00
2.262773722627737157e-07 1.419407266856465233e+00
2.271062271062271151e-07 1.430064300292414048e+00
2.279411764705882047e-07 1.441490910792259550e+00
2.287822878228782400e-07 1.453708683399447477e+00
2.296296296296296094e-07 1.466744438808545992e+00
2.304832713754646819e-07 1.480642989820001754e+00
2.313432835820895414e-07 1.495453241007904888e+00
2.322097378277153666e-07 1.511208059249010249e+00
2.330827067669172779e-07 1.527976681487212662e+00
2.339622641509434076e-07 1.545830531322385237e+00
2.348484848484848363e-07 1.564868386357489483e+00
2.357414448669201582e-07 1.585226848342325301e+00
2.366412213740457945e-07 1.607009690828311577e+00
2.375478927203065309e-07 1.630313499849187497e+00
2.384615384615384589e-07 1.655469722425724211e+00
2.393822393822393794e-07 1.682570006958315600e+00
2.403100775193798251e-07 1.712069063448340200e+00
2.412451361867704515e-07 1.743971226422644794e+00
2.421875000000000105e-07 1.778861093729000808e+00
2.431372549019607941e-07 1.816894648179418148e+00
2.440944881889763711e-07 1.858566761103325193e+00
2.450592885375494059e-07 1.904083409705748409e+00
2.460317460317460215e-07 1.953782067275422696e+00
2.470119521912350783e-07 2.008035842240817992e+00
2.479999999999999972e-07 2.067037708154665143e+00
2.489959839357429258e-07 2.130918140569586949e+00
2.499999999999999887e-07 2.199863213534779316e+00
2.510121457489878459e-07 2.273696644825327517e+00
2.520325203252032621e-07 2.352374753048963818e+00
2.530612244897959123e-07 2.435515189459487306e+00
2.540983606557377151e-07 2.522681690329123150e+00
2.551440329218106654e-07 2.613440016464225746e+00
2.561983471074380465e-07 2.706988827332767578e+00
2.572614107883817340e-07 2.802614690145712739e+00
2.583333333333333305e-07 2.899285853167130167e+00
2.594142259414225848e-07 2.996069403029105960e+00
2.605042016806722642e-07 3.091936707142464602e+00
2.616033755274261615e-07 3.185757371330594001e+00
2.627118644067796716e-07 3.276562311814531281e+00
2.638297872340425311e-07 3.363239579961768477e+00
2.649572649572649543e-07 3.444781525276130019e+00
2.660944206008583475e-07 3.520399244390091997e+00
2.672413793103448538e-07 3.589497701418407516e+00
2.683982683982683919e-07 3.651518204202872653e+00
2.695652173913043517e-07 3.706392976486405644e+00
2.707423580786026242e-07 3.754259878856463395e+00
2.719298245614035085e-07 3.795429239319385140e+00
2.731277533039647740e-07 3.830199156238799585e+00
2.743362831858407457e-07 3.858956751473358260e+00
2.755555555555555525e-07 3.881940296921992495e+00
2.767857142857142675e-07 3.899305620631829949e+00
2.780269058295964083e-07 3.911363223710852655e+00
2.792792792792792318e-07 3.918673846406798500e+00
2.805429864253393696e-07 3.921624256245748619e+00
2.818181818181817717e-07 3.920749830123154034e+00
2.831050228310502230e-07 3.916690700546160642e+00
2.844036697247706240e-07 3.909935791477777922e+00
2.857142857142857467e-07 3.900992027592204536e+00
2.870370370370369986e-07 3.890315840047704921e+00
2.883720930232558218e-07 3.878351870831701742e+00
2.897196261682242864e-07 3.865348293617502318e+00
2.910798122065727965e-07 3.851728347283930542e+00
2.924528301886792330e-07 3.837541833253971024e+00
2.938388625592417415e-07 3.823082520487672831e+00
2.952380952380952046e-07 3.808464578659526811e+00
2.966507177033493254e-07 3.793705841919433830e+00
2.980769230769230736e-07 3.778868933766792448e+00
2.995169082125604085e-07 3.764059600513566473e+00
3.009708737864077467e-07 3.749291510262750204e+00
3.024390243902439146e-07 3.734639047104424403e+00
3.039215686274509926e-07 3.720056393811478568e+00
3.054187192118226674e-07 3.705660926627416973e+00
3.069306930693069179e-07 3.691459194430350976e+00
3.084577114427861081e-07 3.677527709139933432e+00
3.099999999999999966e-07 3.663914066852796747e+00
3.115577889447236277e-07 3.650710317738446786e+00
3.131313131313131327e-07 3.637864753441111709e+00
3.147208121827410942e-07 3.625498653201354227e+00
3.163265306122448772e-07 3.613699484738755796e+00
3.179487179487179452e-07 3.602455731767869374e+00
3.195876288659793703e-07 3.591788908374289324e+00
3.212435233160621962e-07 3.581757288860691002e+00
3.229166666666666631e-07 3.572466893747960892e+00
3.246073298429319233e-07 3.563792471749026358e+00
3.263157894736842208e-07 3.555898501161702807e+00
3.280423280423280815e-07 3.548695429757195541e+00
3.297872340425532036e-07 3.542220506966424765e+00
3.315508021390374128e-07 3.536430315138471059e+00
3.333333333333333006e-07 3.531478665120630467e+00
3.351351351351351100e-07 3.527193223850994208e+00
3.369565217391304264e-07 3.523587584274791684e+00
3.387978142076502339e-07 3.520733849584338326e+00
3.406593406593406329e-07 3.518645097814000255e+00
3.425414364640883624e-07 3.517204959118095164e+00
3.444444444444444406e-07 3.516532246759800806e+00
3.463687150837988700e-07 3.516579645309160451e+00
3.483146067415730102e-07 3.517299242999445408e+00
3.502824858757062287e-07 3.518738620524710647e+00
3.522727272727272544e-07 3.520930125707334213e+00
3.542857142857142667e-07 3.523861384081118153e+00
3.563218390804597698e-07 3.527611658454549382e+00
3.583815028901734000e-07 3.532082526794891653e+00
3.604651162790697905e-07 3.537469855061315727e+00
3.625730994152046604e-07 3.543684783988419351e+00
3.647058823529411911e-07 3.550803492252074811e+00
3.668639053254437911e-07 3.558874988601368639e+00
3.690476190476190586e-07 3.568064099451994320e+00
3.712574850299401128e-07 3.578347109240807011e+00
3.734939759036144945e-07 3.589789955627154860e+00
3.757575757575757486e-07 3.602583444194087825e+00
3.780487804878048932e-07 3.616751476547293898e+00
3.803680981595092145e-07 3.632488788793835077e+00
3.827160493827159981e-07 3.649959382703140687e+00
3.850931677018633218e-07 3.669296378592912244e+00
3.874999999999999957e-07 3.690726125527081791e+00
3.899371069182389774e-07 3.714719041265942323e+00
3.924050632911392422e-07 3.741604515822469335e+00
3.949044585987260799e-07 3.772276700103440739e+00
3.974358974358974315e-07 3.807277024778176866e+00
3.999999999999999819e-07 3.847633745329300137e+00
4.025974025974025613e-07 3.893923651023516452e+00
4.052287581699346391e-07 3.946143242331871637e+00
4.078947368421052363e-07 4.003777859633921743e+00
4.105960264900662322e-07 4.065028888019415199e+00
4.133333333333333287e-07 4.127352281854893334e+00
4.161073825503355875e-07 4.187958692533204186e+00
4.189189189189189271e-07 4.243982523539044038e+00
4.217687074829931872e-07 4.293276091896688129e+00
4.246575342465753610e-07 4.334742514775911104e+00
4.275862068965517449e-07 4.368482980950791017e+00
4.305555555555555508e-07 4.395828008800231501e+00
4.335664335664336049e-07 4.419705544738369518e+00
4.366197183098591948e-07 4.443770790852551222e+00
4.397163120567375872e-07 4.473146386003061359e+00
4.428571428571428598e-07 4.512996599046494417e+00
4.460431654676259084e-07 4.567215119931926637e+00
4.492753623188405862e-07 4.634733846324863293e+00
4.525547445255474313e-07 4.707147522951183660e+00
4.558823529411764095e-07 4.770329920719445838e+00
4.592592592592592189e-07 4.811293447184016969e+00
4.626865671641790828e-07 4.824606011176713949e+00
4.661654135338345558e-07 4.813349133291715098e+00
4.696969696969696725e-07 4.785527188352046934e+00
4.732824427480915889e-07 4.749178635644796920e+00
4.769230769230769178e-07 4.709423427643807614e+00
4.806201550387596501e-07 4.668605768764297892e+00
4.843750000000000211e-07 4.627742216235082751e+00
4.881889763779527422e-07 4.587248141365631859e+00
4.920634920634920429e-07 4.547573576636859016e+00
4.959999999999999945e-07 4.508933565770163909e+00
4.999999999999999774e-07 4.471707363188764717e+00
5.040650406504065243e-07 4.435992386218265082e+00
5.081967213114754302e-07 4.401802452875491767e+00
5.123966942148760930e-07 4.369291801489454841e+00
5.166666666666666609e-07 4.338409705475699596e+00
5.210084033613445285e-07 4.309004808419766519e+00
5.254237288135593431e-07 4.280933221639879882e+00
5.299145299145299086e-07 4.254292354930392150e+00
5.344827586206897077e-07 4.228723558189630083e+00
5.391304347826087035e-07 4.204337349453868278e+00
5.438596491228070171e-07 4.180779504553845172e+00
5.486725663716814914e-07 4.158048707687610701e+00
5.535714285714285350e-07 4.136265158168625611e+00
5.585585585585584637e-07 4.115073715397564946e+00
5.636363636363635435e-07 4.094593678204357268e+00
5.688073394495412480e-07 4.074708222392893653e+00
5.740740740740739971e-07 4.055538523298952036e+00
5.794392523364485729e-07 4.036965795125263767e+00
5.849056603773584661e-07 4.018992504735872551e+00
5.904761904761904091e-07 4.001619206094476411e+00
5.961538461538461472e-07 3.984849686533094459e+00
6.019417475728154934e-07 3.968560560486228628e+00
6.078431372549019852e-07 3.952878889291546294e+00
6.138613861386138357e-07 3.937808610907874929e+00
6.199999999999999931e-07 3.923097296352976660e+00
6.262626262626262653e-07 3.909002315812490469e+00
6.326530612244897543e-07 3.895398012064306137e+00
6.391752577319587405e-07 3.882285970575575451e+00
6.458333333333333262e-07 3.869668704744860577e+00
6.526315789473684417e-07 3.857549588365876581e+00
6.595744680851064072e-07 3.845929252903174334e+00
6.666666666666666012e-07 3.834681183123091586e+00
6.739130434782608529e-07 3.823807409261712476e+00
6.813186813186812657e-07 3.813437922173052996e+00
6.888888888888888812e-07 3.803445778958792545e+00
6.966292134831460204e-07 3.793832085144252186e+00
7.045454545454545088e-07 3.784598763395909948e+00
7.126436781609195396e-07 3.775746871776823443e+00
7.209302325581395811e-07 3.767278260177031601e+00
7.294117647058823822e-07 3.759194723663390469e+00
7.380952380952381173e-07 3.751365178241307774e+00
7.469879518072289890e-07 3.743790467431003410e+00
7.560975609756097864e-07 3.736605579191831783e+00
7.654320987654319962e-07 3.729676983796577971e+00
7.749999999999999914e-07 3.723007754595315077e+00
7.848101265822784844e-07 3.716731350582886506e+00
7.948717948717948630e-07 3.710715657360854625e+00
8.051948051948051226e-07 3.705096057165586210e+00
8.157894736842104727e-07 3.699736456125930051e+00
8.266666666666666575e-07 3.695036798721760718e+00
8.378378378378378543e-07 3.690579068259444373e+00
8.493150684931507219e-07 3.686349143152463093e+00
8.611111111111111016e-07 3.681271516885009643e+00
8.732394366197183896e-07 3.674970558772592710e+00
8.857142857142857196e-07 3.667750924238578847e+00
8.985507246376811725e-07 3.660435888512484581e+00
9.117647058823528190e-07 3.653691945132304220e+00
9.253731343283581655e-07 3.647364885685132840e+00
9.393939393939393450e-07 3.641720113094990552e+00
9.538461538461538356e-07 3.636482077960861314e+00
9.687500000000000422e-07 3.631651687394656491e+00
9.841269841269840858e-07 3.626955219089170068e+00
9.999999999999999547e-07 3.622669198054223827e+00
1.016393442622950860e-06 3.618657556398126030e+00
1.033333333333333322e-06 3.615060085631242703e+00
1.050847457627118686e-06 3.611878874489845348e+00
1.068965517241379415e-06 3.609392988958496584e+00
1.087719298245614034e-06 3.608297176141020302e+00
1.107142857142857070e-06 3.610245291233923126e+00
1.127272727272727087e-06 3.618579179332718443e+00
1.148148148148147994e-06 3.622403243893026481e+00
1.169811320754716932e-06 3.601410560354325607e+00
1.192307692307692294e-06 3.573934432581771237e+00
1.215686274509803970e-06 3.554293390933346064e+00
1.239999999999999986e-06 3.539350297333197837e+00
1.265306122448979509e-06 3.526754906448622329e+00
1.291666666666666652e-06 3.515536950313455922e+00
1.319148936170212814e-06 3.505424369821583674e+00
1.347826086956521706e-06 3.496283741751599283e+00
1.377777777777777762e-06 3.487692647090010922e+00
1.409090909090909018e-06 3.479798844775251254e+00
1.441860465116279162e-06 3.472319109761550671e+00
1.476190476190476235e-06 3.465256123290463286e+00
1.512195121951219573e-06 3.458612438536622147e+00
1.549999999999999983e-06 3.452245645952793929e+00
1.589743589743589726e-06 3.446302366305081133e+00
1.631578947368420945e-06 3.440639475446388484e+00
1.675675675675675709e-06 3.435112807463533535e+00
1.722222222222222203e-06 3.429868802155557450e+00
1.771428571428571439e-06 3.424908757908741830e+00
1.823529411764705638e-06 3.420233910129539812e+00
1.878787878787878690e-06 3.415699049974982859e+00
1.937500000000000084e-06 3.411451304064005097e+00
1.999999999999999909e-06 3.407198262502491914e+00
2.066666666666666644e-06 3.403233756297090018e+00
2.137931034482758831e-06 3.399558794902656444e+00
2.214285714285714140e-06 3.395879856532030061e+00
2.296296296296295988e-06 3.392491709643518316e+00
2.384615384615384589e-06 3.389100175562829165e+00
2.479999999999999972e-06 3.386000590667402665e+00
2.583333333333333305e-06 3.383045964807454453e+00
2.695652173913043412e-06 3.380236678104064474e+00
2.818181818181818035e-06 3.377425054682931194e+00
2.952380952380952469e-06 3.374907406137241050e+00
3.099999999999999966e-06 3.372536137686296343e+00
3.263157894736841891e-06 3.370163200796068459e+00
3.444444444444444406e-06 3.368085509603341521e+00
3.647058823529411276e-06 3.366006535941366895e+00
3.875000000000000169e-06 3.364074909986399131e+00
4.133333333333333287e-06 3.362290885690885744e+00
4.428571428571428280e-06 3.360654698120590922e+00
4.769230769230769178e-06 3.359166563301081876e+00
5.166666666666666609e-06 3.357677768934952400e+00
5.636363636363636070e-06 3.356486257978721355e+00
6.199999999999999931e-06 3.355294323900661624e+00
