2.399999999999999786e-07 1.812200000000000033e+00
2.449999999999999836e-07 1.983000000000000096e+00
2.499999999999999887e-07 2.336300000000000043e+00
2.549999999999999938e-07 2.776699999999999946e+00
2.599999999999999988e-07 3.200800000000000090e+00
2.650000000000000039e-07 3.499800000000000022e+00
2.700000000000000090e-07 3.689400000000000013e+00
2.750000000000000140e-07 3.810000000000000053e+00
2.799999999999999662e-07 3.869699999999999918e+00
2.849999999999999712e-07 3.850200000000000067e+00
2.899999999999999763e-07 3.797099999999999920e+00
2.949999999999999814e-07 3.722599999999999909e+00
2.999999999999999864e-07 3.655600000000000183e+00
3.049999999999999915e-07 3.603400000000000158e+00
3.099999999999999966e-07 3.545100000000000140e+00
3.150000000000000016e-07 3.507099999999999884e+00
3.200000000000000067e-07 3.468399999999999928e+00
3.250000000000000118e-07 3.442000000000000171e+00
3.299999999999999639e-07 3.426600000000000090e+00
3.349999999999999690e-07 3.411700000000000177e+00
3.399999999999999740e-07 3.405699999999999950e+00
3.449999999999999791e-07 3.408399999999999874e+00
3.499999999999999842e-07 3.408799999999999830e+00
3.549999999999999892e-07 3.413499999999999979e+00
3.599999999999999943e-07 3.431500000000000217e+00
3.649999999999999994e-07 3.455099999999999838e+00
3.700000000000000044e-07 3.480100000000000193e+00
3.750000000000000095e-07 3.515899999999999803e+00
3.799999999999999616e-07 3.556599999999999984e+00
3.849999999999999667e-07 3.595600000000000129e+00
3.899999999999999718e-07 3.659400000000000208e+00
3.949999999999999768e-07 3.728099999999999969e+00
3.999999999999999819e-07 3.823399999999999910e+00
4.049999999999999870e-07 3.902000000000000135e+00
4.099999999999999920e-07 3.956300000000000150e+00
4.149999999999999971e-07 3.995299999999999851e+00
4.199999999999999492e-07 4.013600000000000279e+00
4.249999999999999543e-07 4.041800000000000281e+00
4.299999999999999594e-07 4.138600000000000279e+00
4.349999999999999644e-07 4.270299999999999763e+00
4.399999999999999695e-07 4.411100000000000243e+00
4.449999999999999746e-07 4.556499999999999773e+00
4.499999999999999267e-07 4.703500000000000014e+00
4.549999999999999318e-07 4.792300000000000004e+00
4.599999999999999368e-07 4.812599999999999767e+00
4.649999999999999419e-07 4.791500000000000092e+00
4.699999999999999470e-07 4.744699999999999918e+00
4.749999999999999520e-07 4.686600000000000321e+00
4.799999999999999571e-07 4.628599999999999604e+00
4.850000000000000151e-07 4.570000000000000284e+00
4.899999999999999672e-07 4.516700000000000159e+00
4.950000000000000252e-07 4.468600000000000350e+00
4.999999999999999774e-07 4.416500000000000092e+00
5.049999999999999295e-07 4.372700000000000031e+00
5.099999999999999875e-07 4.335899999999999643e+00
5.149999999999999396e-07 4.298799999999999955e+00
5.199999999999999976e-07 4.261599999999999611e+00
5.249999999999999498e-07 4.226499999999999702e+00
5.300000000000000078e-07 4.195999999999999730e+00
5.349999999999998540e-07 4.167300000000000004e+00
5.400000000000000179e-07 4.142999999999999794e+00
5.449999999999998642e-07 4.113999999999999879e+00
5.500000000000000281e-07 4.089599999999999902e+00
5.549999999999998743e-07 4.067300000000000360e+00
5.600000000000000382e-07 4.044400000000000439e+00
5.649999999999998844e-07 4.023600000000000065e+00
5.700000000000000483e-07 3.998400000000000176e+00
5.749999999999998946e-07 3.981599999999999806e+00
5.800000000000000585e-07 3.961399999999999810e+00
5.849999999999999047e-07 3.944300000000000139e+00
5.900000000000000686e-07 3.929399999999999782e+00
5.949999999999999148e-07 3.914200000000000124e+00
5.999999999999999728e-07 3.898299999999999876e+00
6.049999999999999250e-07 3.888999999999999790e+00
6.099999999999999830e-07 3.870899999999999785e+00
6.149999999999999351e-07 3.863399999999999945e+00
6.199999999999999931e-07 3.851399999999999935e+00
6.249999999999999452e-07 3.839300000000000157e+00
6.300000000000000033e-07 3.821400000000000130e+00
6.349999999999999554e-07 3.809299999999999908e+00
6.400000000000000134e-07 3.793099999999999916e+00
6.449999999999999655e-07 3.784400000000000208e+00
6.500000000000000235e-07 3.777000000000000135e+00
6.549999999999999757e-07 3.764100000000000001e+00
6.599999999999999278e-07 3.758300000000000196e+00
6.649999999999999858e-07 3.759300000000000086e+00
6.699999999999999379e-07 3.750199999999999978e+00
6.749999999999999959e-07 3.741200000000000081e+00
6.799999999999999481e-07 3.727399999999999824e+00
6.850000000000000061e-07 3.714900000000000091e+00
6.899999999999999582e-07 3.721900000000000208e+00
6.950000000000000162e-07 3.718500000000000139e+00
6.999999999999999683e-07 3.706500000000000128e+00
7.050000000000000263e-07 3.684400000000000119e+00
7.099999999999999785e-07 3.684200000000000141e+00
7.150000000000000365e-07 3.687500000000000000e+00
7.199999999999999886e-07 3.674500000000000099e+00
7.249999999999999407e-07 3.667899999999999938e+00
7.299999999999999987e-07 3.666900000000000048e+00
7.349999999999999509e-07 3.648000000000000131e+00
7.400000000000000089e-07 3.656800000000000050e+00
7.449999999999999610e-07 3.649300000000000210e+00
7.500000000000000190e-07 3.648099999999999898e+00
7.549999999999999711e-07 3.642199999999999882e+00
7.599999999999999233e-07 3.639200000000000212e+00
7.649999999999999813e-07 3.635499999999999954e+00
7.699999999999999334e-07 3.633999999999999897e+00
7.749999999999999914e-07 3.627200000000000202e+00
7.799999999999999435e-07 3.621799999999999908e+00
7.850000000000000015e-07 3.621599999999999930e+00
7.899999999999999537e-07 3.624400000000000066e+00
7.950000000000000117e-07 3.608299999999999841e+00
7.999999999999999638e-07 3.614199999999999857e+00
8.050000000000000218e-07 3.611299999999999955e+00
8.099999999999999739e-07 3.622500000000000053e+00
8.150000000000000319e-07 3.604699999999999793e+00
8.199999999999998782e-07 3.609100000000000197e+00
8.249999999999999362e-07 3.612999999999999989e+00
8.299999999999998883e-07 3.609599999999999920e+00
8.349999999999999463e-07 3.610300000000000065e+00
8.399999999999998985e-07 3.599099999999999966e+00
