2.066666666666666644e-07 1.306902592357004345e+00
2.073578595317725660e-07 1.309100225911814519e+00
2.080536912751677938e-07 1.310966875206596827e+00
2.087542087542087286e-07 1.312572243204314315e+00
2.094594594594594636e-07 1.313970021266940513e+00
2.101694915254237108e-07 1.315247180231210455e+00
2.108843537414965936e-07 1.316455393634318183e+00
2.116040955631399228e-07 1.317656026540491299e+00
2.123287671232876805e-07 1.318868301829922984e+00
2.130584192439862380e-07 1.320184101283482292e+00
2.137931034482758725e-07 1.321621506165370441e+00
2.145328719723183197e-07 1.323214038279879823e+00
2.152777777777777754e-07 1.325019474472353131e+00
2.160278745644599239e-07 1.327061423153673925e+00
2.167832167832168025e-07 1.329394778043328396e+00
2.175438596491227962e-07 1.332073776265630283e+00
2.183098591549295974e-07 1.335111090228211062e+00
2.190812720848056357e-07 1.338535366193134735e+00
2.198581560283687936e-07 1.342434643468878530e+00
2.206405693950177806e-07 1.346803448544072301e+00
2.214285714285714299e-07 1.351696179837008183e+00
2.222222222222222180e-07 1.357127490853850427e+00
2.230215827338129542e-07 1.363141207569407598e+00
2.238267148014440504e-07 1.369793604630336725e+00
2.246376811594202931e-07 1.377058296653675740e+00
2.254545454545454544e-07 1.385010469197905048e+00
2.262773722627737157e-07 1.393650287003036947e+00
2.271062271062271151e-07 1.403012842318776210e+00
2.279411764705882047e-07 1.413117157278680702e+00
2.287822878228782400e-07 1.423973800668470346e+00
2.296296296296296094e-07 1.435620032722210615e+00
2.304832713754646819e-07 1.448097894557957233e+00
2.313432835820895414e-07 1.461412898784668402e+00
2.322097378277153666e-07 1.475603318142106657e+00
2.330827067669172779e-07 1.490725145537733942e+00
2.339622641509434076e-07 1.506817904824279575e+00
2.348484848484848363e-07 1.523944707744515403e+00
2.357414448669201582e-07 1.542177860468025186e+00
2.366412213740457945e-07 1.561611054716003810e+00
2.375478927203065309e-07 1.582351507757791653e+00
2.384615384615384589e-07 1.604537800958766747e+00
2.393822393822393794e-07 1.628263044560223971e+00
2.403100775193798251e-07 1.653743308721757233e+00
2.412451361867704515e-07 1.681200171093305995e+00
2.421875000000000105e-07 1.710752982429969205e+00
2.431372549019607941e-07 1.742661421194373839e+00
2.440944881889763711e-07 1.777279702633045799e+00
2.450592885375494059e-07 1.814663974061368590e+00
2.460317460317460215e-07 1.855211678115134433e+00
2.470119521912350783e-07 1.899112231544394236e+00
2.479999999999999972e-07 1.946594971564307830e+00
2.489959839357429258e-07 1.998012761758568345e+00
2.499999999999999887e-07 2.053308966250519951e+00
2.510121457489878459e-07 2.112687924634234271e+00
2.520325203252032621e-07 2.176282659841038747e+00
2.530612244897959123e-07 2.243938787209566854e+00
2.540983606557377151e-07 2.315640564082872110e+00
2.551440329218106654e-07 2.391015166686002669e+00
2.561983471074380465e-07 2.469901112545401123e+00
2.572614107883817340e-07 2.551871961554128987e+00
2.583333333333333305e-07 2.636296708358123464e+00
2.594142259414225848e-07 2.722652903710335970e+00
2.605042016806722642e-07 2.810185055727413062e+00
2.616033755274261615e-07 2.898189373708775829e+00
2.627118644067796716e-07 2.985804224511976468e+00
2.638297872340425311e-07 3.072085759970168084e+00
2.649572649572649543e-07 3.156313357371088202e+00
2.660944206008583475e-07 3.237501693968460437e+00
2.672413793103448538e-07 3.314779466802089569e+00
2.683982683982683919e-07 3.387569098422929414e+00
2.695652173913043517e-07 3.455101606196730124e+00
2.707423580786026242e-07 3.516871448186919658e+00
2.719298245614035085e-07 3.572662685359073720e+00
2.731277533039647740e-07 3.622400935578589554e+00
2.743362831858407457e-07 3.666099436033233072e+00
2.755555555555555525e-07 3.704028779172060304e+00
2.767857142857142675e-07 3.736256078988882567e+00
2.780269058295964083e-07 3.763022338326369010e+00
2.792792792792792318e-07 3.784396108573401030e+00
2.805429864253393696e-07 3.800557212356254766e+00
2.818181818181817717e-07 3.811801345943296226e+00
2.831050228310502230e-07 3.818572081025294995e+00
2.844036697247706240e-07 3.821163710480001807e+00
2.857142857142857467e-07 3.820150802991517658e+00
2.870370370370369986e-07 3.815940704936706673e+00
2.883720930232558218e-07 3.809199887913734095e+00
2.897196261682242864e-07 3.800260991591107640e+00
2.910798122065727965e-07 3.789627821590516810e+00
2.924528301886792330e-07 3.777748457027118700e+00
2.938388625592417415e-07 3.764995514225994100e+00
2.952380952380952046e-07 3.751673864410358217e+00
2.966507177033493254e-07 3.737949951586950537e+00
2.980769230769230736e-07 3.724113758572090482e+00
2.995169082125604085e-07 3.710319692618027965e+00
3.009708737864077467e-07 3.696564884410299179e+00
3.024390243902439146e-07 3.683038694939015478e+00
3.039215686274509926e-07 3.669739682623933685e+00
3.054187192118226674e-07 3.656640344446353552e+00
3.069306930693069179e-07 3.643861566051247447e+00
3.084577114427861081e-07 3.631340288137503425e+00
3.099999999999999966e-07 3.619132904602983203e+00
3.115577889447236277e-07 3.607207250801996778e+00
3.131313131313131327e-07 3.595622995277723000e+00
3.147208121827410942e-07 3.584398732610603933e+00
3.163265306122448772e-07 3.573527297074287290e+00
3.179487179487179452e-07 3.562991845114553247e+00
3.195876288659793703e-07 3.552942644209587275e+00
3.212435233160621962e-07 3.543246582067779649e+00
3.229166666666666631e-07 3.534088502907835938e+00
3.246073298429319233e-07 3.525433147593327821e+00
3.263157894736842208e-07 3.517326725604416282e+00
3.280423280423280815e-07 3.509756517632918182e+00
3.297872340425532036e-07 3.502758415014218585e+00
3.315508021390374128e-07 3.496308873922774563e+00
3.333333333333333006e-07 3.490563430886489460e+00
3.351351351351351100e-07 3.485427865364665756e+00
3.369565217391304264e-07 3.480867141955938049e+00
3.387978142076502339e-07 3.477036902720660017e+00
3.406593406593406329e-07 3.473819511090978196e+00
3.425414364640883624e-07 3.471250226904224689e+00
3.444444444444444406e-07 3.469319364281106211e+00
3.463687150837988700e-07 3.468132949026333289e+00
3.483146067415730102e-07 3.467549115175589058e+00
3.502824858757062287e-07 3.467650774167339467e+00
3.522727272727272544e-07 3.468400072034695913e+00
3.542857142857142667e-07 3.469905873574851807e+00
3.563218390804597698e-07 3.472069253875170070e+00
3.583815028901734000e-07 3.474900129571821594e+00
3.604651162790697905e-07 3.478479247925736040e+00
3.625730994152046604e-07 3.482864428066859475e+00
3.647058823529411911e-07 3.487965963465335939e+00
3.668639053254437911e-07 3.493862722399598386e+00
3.690476190476190586e-07 3.500643636697091665e+00
3.712574850299401128e-07 3.508325623140379435e+00
3.734939759036144945e-07 3.516909039416436844e+00
3.757575757575757486e-07 3.526538973897315188e+00
3.780487804878048932e-07 3.537261410509884740e+00
3.803680981595092145e-07 3.549083360053998160e+00
3.827160493827159981e-07 3.562235493972032430e+00
3.850931677018633218e-07 3.576682779894369890e+00
3.874999999999999957e-07 3.592633751509696438e+00
3.899371069182389774e-07 3.610233467988578138e+00
3.924050632911392422e-07 3.629649361758125359e+00
3.949044585987260799e-07 3.651168524626884793e+00
3.974358974358974315e-07 3.675194404350534239e+00
3.999999999999999819e-07 3.702128197980416147e+00
4.025974025974025613e-07 3.732500562340651307e+00
4.052287581699346391e-07 3.767006093921905219e+00
4.078947368421052363e-07 3.806163372729858274e+00
4.105960264900662322e-07 3.850168779699787436e+00
4.133333333333333287e-07 3.899137477585563616e+00
4.161073825503355875e-07 3.952239908380913658e+00
4.189189189189189271e-07 4.008291479648827149e+00
4.217687074829931872e-07 4.065630668914041124e+00
4.246575342465753610e-07 4.122033816273465767e+00
4.275862068965517449e-07 4.175474735208688948e+00
4.305555555555555508e-07 4.224284228821638010e+00
4.335664335664336049e-07 4.267028164142233848e+00
4.366197183098591948e-07 4.303497462485172065e+00
4.397163120567375872e-07 4.334302637139561654e+00
4.428571428571428598e-07 4.360892253650431094e+00
4.460431654676259084e-07 4.386073553174552941e+00
4.492753623188405862e-07 4.413311316836725062e+00
4.525547445255474313e-07 4.446640968693298390e+00
4.558823529411764095e-07 4.489393412523837057e+00
4.592592592592592189e-07 4.542058093432004284e+00
4.626865671641790828e-07 4.600521519211493882e+00
4.661654135338345558e-07 4.656107412086471165e+00
4.696969696969696725e-07 4.699070930356299414e+00
4.732824427480915889e-07 4.722466098334866302e+00
4.769230769230769178e-07 4.724877863765464703e+00
4.806201550387596501e-07 4.710058189029012077e+00
4.843750000000000211e-07 4.683679189197206050e+00
4.881889763779527422e-07 4.651043932269367076e+00
4.920634920634920429e-07 4.615657047827459003e+00
4.959999999999999945e-07 4.579370392430628378e+00
4.999999999999999774e-07 4.542968847559276213e+00
5.040650406504065243e-07 4.506871021690733059e+00
5.081967213114754302e-07 4.471373160256767676e+00
5.123966942148760930e-07 4.436850181181590358e+00
5.166666666666666609e-07 4.403273705219847400e+00
5.210084033613445285e-07 4.370981690274014397e+00
5.254237288135593431e-07 4.339891903453248823e+00
5.299145299145299086e-07 4.310166411623280069e+00
5.344827586206897077e-07 4.281758270798410315e+00
5.391304347826087035e-07 4.254631070729955944e+00
5.438596491228070171e-07 4.228641040177071098e+00
5.486725663716814914e-07 4.203885699720498970e+00
5.535714285714285350e-07 4.179998992645020728e+00
5.585585585585584637e-07 4.157090876881017749e+00
5.636363636363635435e-07 4.135036048474730386e+00
5.688073394495412480e-07 4.113714772962537403e+00
5.740740740740739971e-07 4.093124729094862246e+00
5.794392523364485729e-07 4.073143719611585389e+00
5.849056603773584661e-07 4.053773133566809683e+00
5.904761904761904091e-07 4.035136223140143308e+00
5.961538461538461472e-07 4.016987476314972660e+00
6.019417475728154934e-07 3.999452290562290457e+00
6.078431372549019852e-07 3.982407124718894575e+00
6.138613861386138357e-07 3.965977731462281941e+00
6.199999999999999931e-07 3.950039779555233554e+00
6.262626262626262653e-07 3.934595261167949776e+00
6.326530612244897543e-07 3.919645185259577502e+00
6.391752577319587405e-07 3.905317854784129850e+00
6.458333333333333262e-07 3.891359530553213375e+00
6.526315789473684417e-07 3.878029357512425168e+00
6.595744680851064072e-07 3.865071728156445285e+00
6.666666666666666012e-07 3.852616578427847216e+00
6.739130434782608529e-07 3.840666137400209124e+00
6.813186813186812657e-07 3.829221622772972289e+00
6.888888888888888812e-07 3.818155892678142038e+00
6.966292134831460204e-07 3.807468918515243939e+00
7.045454545454545088e-07 3.797293593575017390e+00
7.126436781609195396e-07 3.787369181966713683e+00
7.209302325581395811e-07 3.777958942615683657e+00
7.294117647058823822e-07 3.768933636208219973e+00
7.380952380952381173e-07 3.760294975487179947e+00
7.469879518072289890e-07 3.752043727764324377e+00
7.560975609756097864e-07 3.744047672673262106e+00
7.654320987654319962e-07 3.736441661686981774e+00
7.749999999999999914e-07 3.729093696030361116e+00
7.848101265822784844e-07 3.722137399098802035e+00
7.948717948717948630e-07 3.715441022590817877e+00
8.051948051948051226e-07 3.709139505374655421e+00
8.157894736842104727e-07 3.703099659327872661e+00
8.266666666666666575e-07 3.697187334796931513e+00
8.378378378378378543e-07 3.691673234979851781e+00
8.493150684931507219e-07 3.686423402262366977e+00
8.611111111111111016e-07 3.681438416182107431e+00
8.732394366197183896e-07 3.676854436053644370e+00
8.857142857142857196e-07 3.672400351636990301e+00
8.985507246376811725e-07 3.668617067442443425e+00
9.117647058823528190e-07 3.665088066166970027e+00
9.253731343283581655e-07 3.662068198448211742e+00
9.393939393939393450e-07 3.658730009042984399e+00
9.538461538461538356e-07 3.654408347136315793e+00
9.687500000000000422e-07 3.648871091385635701e+00
9.841269841269840858e-07 3.642559921592528394e+00
9.999999999999999547e-07 3.636293244046554740e+00
1.016393442622950860e-06 3.630600270085658110e+00
1.033333333333333322e-06 3.625601918515685362e+00
1.050847457627118686e-06 3.621015698642042313e+00
1.068965517241379415e-06 3.616840509973362483e+00
1.087719298245614034e-06 3.612939359190876054e+00
1.107142857142857070e-06 3.609313361064439007e+00
1.127272727272727087e-06 3.605963880316303882e+00
1.148148148148147994e-06 3.603030984257297398e+00
1.169811320754716932e-06 3.600377898879673744e+00
1.192307692307692294e-06 3.598283885305586072e+00
1.215686274509803970e-06 3.597167679316732425e+00
1.239999999999999986e-06 3.597586311939927395e+00
1.265306122448979509e-06 3.602018111099131392e+00
1.291666666666666652e-06 3.612917332266039505e+00
1.319148936170212814e-06 3.613786150258808227e+00
1.347826086956521706e-06 3.588746853184594077e+00
1.377777777777777762e-06 3.562163365134974669e+00
1.409090909090909018e-06 3.543868302808942161e+00
1.441860465116279162e-06 3.529589358814468891e+00
1.476190476190476235e-06 3.517669739316514388e+00
1.512195121951219573e-06 3.506993033501676127e+00
1.549999999999999983e-06 3.497427632327699154e+00
1.589743589743589726e-06 3.488696033259501394e+00
1.631578947368420945e-06 3.480660857259426422e+00
1.675675675675675709e-06 3.473182978302440382e+00
1.722222222222222203e-06 3.466266002511104283e+00
1.771428571428571439e-06 3.459768778405810430e+00
1.823529411764705638e-06 3.453693674894385612e+00
1.878787878787878690e-06 3.447897910321715553e+00
1.937500000000000084e-06 3.442382895611718396e+00
1.999999999999999909e-06 3.437295448459442238e+00
2.066666666666666644e-06 3.432346136391258629e+00
2.137931034482758831e-06 3.427827300200521954e+00
2.214285714285714140e-06 3.423302499049711400e+00
2.296296296296295988e-06 3.419210435173594576e+00
2.384615384615384589e-06 3.415259872981849743e+00
2.479999999999999972e-06 3.411451304064005097e+00
2.583333333333333305e-06 3.407931924202712182e+00
2.695652173913043412e-06 3.404555771315840751e+00
2.818181818181818035e-06 3.401323271904627354e+00
2.952380952380952469e-06 3.398381967937094572e+00
3.099999999999999966e-06 3.395585369269928933e+00
3.263157894736841891e-06 3.392786465429264098e+00
3.444444444444444406e-06 3.390280224406236442e+00
3.647058823529411276e-06 3.387919715695754341e+00
3.875000000000000169e-06 3.385705244110892576e+00
4.133333333333333287e-06 3.383637096380165854e+00
4.428571428571428280e-06 3.381715540964378430e+00
4.769230769230769178e-06 3.379940827884417409e+00
5.166666666666666609e-06 3.378313188560231772e+00
5.636363636363636070e-06 3.376832835661250254e+00
6.199999999999999931e-06 3.375499962968449008e+00
