2.066666666666666644e-07 1.319491885079366655e+00
2.073578595317725660e-07 1.320629584003921941e+00
2.080536912751677938e-07 1.321323950905163747e+00
2.087542087542087286e-07 1.321656726116020586e+00
2.094594594594594636e-07 1.321733313701882517e+00
2.101694915254237108e-07 1.321577065672815632e+00
2.108843537414965936e-07 1.321277301647840074e+00
2.116040955631399228e-07 1.320867063500068328e+00
2.123287671232876805e-07 1.320423417007317246e+00
2.130584192439862380e-07 1.319962804152154057e+00
2.137931034482758725e-07 1.319554954891059007e+00
2.145328719723183197e-07 1.319238842995163807e+00
2.152777777777777754e-07 1.319050778767394627e+00
2.160278745644599239e-07 1.319051914194655950e+00
2.167832167832168025e-07 1.319270245070211400e+00
2.175438596491227962e-07 1.319781220838793789e+00
2.183098591549295974e-07 1.320610863186757689e+00
2.190812720848056357e-07 1.321800211483723286e+00
2.198581560283687936e-07 1.323438029979716379e+00
2.206405693950177806e-07 1.325528982522529153e+00
2.214285714285714299e-07 1.328135222549113870e+00
2.222222222222222180e-07 1.331298524005775530e+00
2.230215827338129542e-07 1.335061129459154339e+00
2.238267148014440504e-07 1.339453855208190935e+00
2.246376811594202931e-07 1.344490541567454400e+00
2.254545454545454544e-07 1.350199840137790153e+00
2.262773722627737157e-07 1.356638856117710512e+00
2.271062271062271151e-07 1.363755368257909772e+00
2.279411764705882047e-07 1.371596665167684970e+00
2.287822878228782400e-07 1.380139448334652741e+00
2.296296296296296094e-07 1.389420489348935472e+00
2.304832713754646819e-07 1.399400564666624991e+00
2.313432835820895414e-07 1.410070076616963375e+00
2.322097378277153666e-07 1.421448393047527459e+00
2.330827067669172779e-07 1.433524674165368662e+00
2.339622641509434076e-07 1.446316085225714421e+00
2.348484848484848363e-07 1.459817368614859001e+00
2.357414448669201582e-07 1.474064350838071746e+00
2.366412213740457945e-07 1.489118750085977050e+00
2.375478927203065309e-07 1.504970730402837020e+00
2.384615384615384589e-07 1.521737959430601084e+00
2.393822393822393794e-07 1.539479156094098800e+00
2.403100775193798251e-07 1.558296386088949381e+00
2.412451361867704515e-07 1.578338300896128032e+00
2.421875000000000105e-07 1.599700203544215160e+00
2.431372549019607941e-07 1.622562474971832813e+00
2.440944881889763711e-07 1.647151748100823321e+00
2.450592885375494059e-07 1.673472331701946203e+00
2.460317460317460215e-07 1.702024145731877436e+00
2.470119521912350783e-07 1.732694103691709175e+00
2.479999999999999972e-07 1.766021185220985723e+00
2.489959839357429258e-07 1.802044932627183460e+00
2.499999999999999887e-07 1.841072425097608267e+00
2.510121457489878459e-07 1.883199280016998989e+00
2.520325203252032621e-07 1.928762721734169627e+00
2.530612244897959123e-07 1.977909961984895881e+00
2.540983606557377151e-07 2.030687991939680082e+00
2.551440329218106654e-07 2.087180224347455315e+00
2.561983471074380465e-07 2.147398183736658250e+00
2.572614107883817340e-07 2.211363379831550624e+00
2.583333333333333305e-07 2.278828465878016463e+00
2.594142259414225848e-07 2.349570141439614179e+00
2.605042016806722642e-07 2.423369923354675937e+00
2.616033755274261615e-07 2.499731265793972312e+00
2.627118644067796716e-07 2.578248353760000722e+00
2.638297872340425311e-07 2.658218425582627109e+00
2.649572649572649543e-07 2.739172898542673540e+00
2.660944206008583475e-07 2.820336403129070302e+00
2.672413793103448538e-07 2.900850712870617354e+00
2.683982683982683919e-07 2.980058881103023527e+00
2.695652173913043517e-07 3.057115525557507762e+00
2.707423580786026242e-07 3.131249668626293392e+00
2.719298245614035085e-07 3.201751578103858797e+00
2.731277533039647740e-07 3.267979134742667657e+00
2.743362831858407457e-07 3.329291808515769446e+00
2.755555555555555525e-07 3.385329959541282463e+00
2.767857142857142675e-07 3.435877232824414040e+00
2.780269058295964083e-07 3.480796430913341677e+00
2.792792792792792318e-07 3.520149664877378015e+00
2.805429864253393696e-07 3.554167038561818703e+00
2.818181818181817717e-07 3.582985844752335058e+00
2.831050228310502230e-07 3.606669742102721177e+00
2.844036697247706240e-07 3.625518395484208067e+00
2.857142857142857467e-07 3.639724598971630254e+00
2.870370370370369986e-07 3.649528278216516153e+00
2.883720930232558218e-07 3.655297612695666665e+00
2.897196261682242864e-07 3.657369782173888417e+00
2.910798122065727965e-07 3.656274528363439469e+00
2.924528301886792330e-07 3.652321617991190372e+00
2.938388625592417415e-07 3.646161979472293257e+00
2.952380952380952046e-07 3.638120437142623675e+00
2.966507177033493254e-07 3.628615239391888014e+00
2.980769230769230736e-07 3.618012438181162693e+00
2.995169082125604085e-07 3.606657806263612542e+00
3.009708737864077467e-07 3.594884052151332554e+00
3.024390243902439146e-07 3.582832842911531035e+00
3.039215686274509926e-07 3.570712191825915927e+00
3.054187192118226674e-07 3.558575265050503145e+00
3.069306930693069179e-07 3.546648328705521713e+00
3.084577114427861081e-07 3.534926497434024650e+00
3.099999999999999966e-07 3.523367609890382557e+00
3.115577889447236277e-07 3.512067119942002602e+00
3.131313131313131327e-07 3.501070226153821352e+00
3.147208121827410942e-07 3.490289581787085371e+00
3.163265306122448772e-07 3.479846358591392352e+00
3.179487179487179452e-07 3.469623588035174677e+00
3.195876288659793703e-07 3.459672278615133489e+00
3.212435233160621962e-07 3.450084829707843692e+00
3.229166666666666631e-07 3.440757666531070846e+00
3.246073298429319233e-07 3.431795918274735513e+00
3.263157894736842208e-07 3.423232670921616538e+00
3.280423280423280815e-07 3.415050695930814673e+00
3.297872340425532036e-07 3.407284394207452216e+00
3.315508021390374128e-07 3.399968739475012214e+00
3.333333333333333006e-07 3.393099238996554412e+00
3.351351351351351100e-07 3.386825547206273157e+00
3.369565217391304264e-07 3.381007481305446039e+00
3.387978142076502339e-07 3.375795229782826201e+00
3.406593406593406329e-07 3.371162540135295149e+00
3.425414364640883624e-07 3.367082883194563614e+00
3.444444444444444406e-07 3.363632573910154910e+00
3.463687150837988700e-07 3.360784720837713735e+00
3.483146067415730102e-07 3.358603981595242871e+00
3.502824858757062287e-07 3.357011141932631837e+00
3.522727272727272544e-07 3.356058837072851908e+00
3.542857142857142667e-07 3.355707344779788048e+00
3.563218390804597698e-07 3.356031492731407884e+00
3.583815028901734000e-07 3.356979388778196238e+00
3.604651162790697905e-07 3.358625112162844317e+00
3.625730994152046604e-07 3.360904573182344812e+00
3.647058823529411911e-07 3.363850575166647872e+00
3.668639053254437911e-07 3.367524459665344416e+00
3.690476190476190586e-07 3.371872200430991562e+00
3.712574850299401128e-07 3.376988034739210498e+00
3.734939759036144945e-07 3.382805618010874316e+00
3.757575757575757486e-07 3.389417809781547053e+00
3.780487804878048932e-07 3.396853611382879112e+00
3.803680981595092145e-07 3.405192490533700767e+00
3.827160493827159981e-07 3.414421213450605119e+00
3.850931677018633218e-07 3.424554716166475998e+00
3.874999999999999957e-07 3.435786508961382602e+00
3.899371069182389774e-07 3.448149957346469563e+00
3.924050632911392422e-07 3.461698834304281824e+00
3.949044585987260799e-07 3.476517738617677100e+00
3.974358974358974315e-07 3.492738690833968818e+00
3.999999999999999819e-07 3.510511461357990193e+00
4.025974025974025613e-07 3.530056505547800594e+00
4.052287581699346391e-07 3.551608699745003594e+00
4.078947368421052363e-07 3.575539396180078988e+00
4.105960264900662322e-07 3.602156568534662817e+00
4.133333333333333287e-07 3.631988791157016117e+00
4.161073825503355875e-07 3.665532603396457478e+00
4.189189189189189271e-07 3.703196850710907206e+00
4.217687074829931872e-07 3.745320739407025812e+00
4.246575342465753610e-07 3.791814574148519856e+00
4.275862068965517449e-07 3.842192203522538652e+00
4.305555555555555508e-07 3.895712161245142635e+00
4.335664335664336049e-07 3.950824876097049465e+00
4.366197183098591948e-07 4.005997750744116459e+00
4.397163120567375872e-07 4.059596714718948007e+00
4.428571428571428598e-07 4.109793046212961265e+00
4.460431654676259084e-07 4.155346574158982342e+00
4.492753623188405862e-07 4.195691933417042385e+00
4.525547445255474313e-07 4.230627857727769836e+00
4.558823529411764095e-07 4.261132322976905584e+00
4.592592592592592189e-07 4.288728957742942605e+00
4.626865671641790828e-07 4.315944402239241917e+00
4.661654135338345558e-07 4.345865480697840511e+00
4.696969696969696725e-07 4.381297771521984075e+00
4.732824427480915889e-07 4.423607950966015778e+00
4.769230769230769178e-07 4.471799103461631120e+00
4.806201550387596501e-07 4.520886309194340313e+00
4.843750000000000211e-07 4.563784497689903574e+00
4.881889763779527422e-07 4.593966529235133045e+00
4.920634920634920429e-07 4.608066020065399115e+00
4.959999999999999945e-07 4.606141059132031756e+00
4.999999999999999774e-07 4.591260652493401651e+00
5.040650406504065243e-07 4.567813064969111991e+00
5.081967213114754302e-07 4.539557705292263989e+00
5.123966942148760930e-07 4.509119007648069832e+00
5.166666666666666609e-07 4.477812229039501268e+00
5.210084033613445285e-07 4.446338286796353678e+00
5.254237288135593431e-07 4.414858717261044951e+00
5.299145299145299086e-07 4.383941211231728197e+00
5.344827586206897077e-07 4.353547069457867735e+00
5.391304347826087035e-07 4.323890038994246510e+00
5.438596491228070171e-07 4.295214975629156662e+00
5.486725663716814914e-07 4.267447025986732534e+00
5.535714285714285350e-07 4.240751083407567457e+00
5.585585585585584637e-07 4.214963220857472770e+00
5.636363636363635435e-07 4.190278571738515367e+00
5.688073394495412480e-07 4.166547801180335853e+00
5.740740740740739971e-07 4.143869361590868827e+00
5.794392523364485729e-07 4.121866924170655366e+00
5.849056603773584661e-07 4.100765585226009868e+00
5.904761904761904091e-07 4.080437363299592946e+00
5.961538461538461472e-07 4.060756568644316999e+00
6.019417475728154934e-07 4.041594098778907629e+00
6.078431372549019852e-07 4.023194162538684004e+00
6.138613861386138357e-07 4.005308476108067950e+00
6.199999999999999931e-07 3.987936251321009262e+00
6.262626262626262653e-07 3.971076921933795134e+00
6.326530612244897543e-07 3.954730125780006489e+00
6.391752577319587405e-07 3.938767487598144434e+00
6.458333333333333262e-07 3.923443660195095273e+00
6.526315789473684417e-07 3.908629924917658371e+00
6.595744680851064072e-07 3.894202964831375624e+00
6.666666666666666012e-07 3.880288187473288186e+00
6.739130434782608529e-07 3.866757843699259567e+00
6.813186813186812657e-07 3.853742109096174318e+00
6.888888888888888812e-07 3.841111250796492183e+00
6.966292134831460204e-07 3.828997586416901022e+00
7.045454545454545088e-07 3.817399460340380468e+00
7.126436781609195396e-07 3.806190447053345416e+00
7.209302325581395811e-07 3.795369914868652828e+00
7.294117647058823822e-07 3.784939472081699563e+00
7.380952380952381173e-07 3.774898535484086715e+00
7.469879518072289890e-07 3.765380625645398105e+00
7.560975609756097864e-07 3.756121668333304076e+00
7.654320987654319962e-07 3.747255833090616051e+00
7.749999999999999914e-07 3.738916464043667176e+00
7.848101265822784844e-07 3.730839463724608063e+00
7.948717948717948630e-07 3.723156755618090230e+00
8.051948051948051226e-07 3.715736905921807942e+00
8.157894736842104727e-07 3.708714426688208388e+00
8.266666666666666575e-07 3.701955214226446689e+00
8.378378378378378543e-07 3.695594279528991777e+00
8.493150684931507219e-07 3.689498909465602772e+00
8.611111111111111016e-07 3.683803546661616135e+00
8.732394366197183896e-07 3.678238685115768458e+00
8.857142857142857196e-07 3.673076865868977414e+00
8.985507246376811725e-07 3.668045773295816936e+00
9.117647058823528190e-07 3.663417817320766545e+00
9.253731343283581655e-07 3.658923555414505646e+00
9.393939393939393450e-07 3.654697129159040436e+00
9.538461538461538356e-07 3.650876121517701911e+00
9.687500000000000422e-07 3.647189038816549989e+00
9.841269841269840858e-07 3.643635650915205026e+00
9.999999999999999547e-07 3.640489458192255334e+00
1.016393442622950860e-06 3.637614161466931506e+00
1.033333333333333322e-06 3.635010024130539197e+00
1.050847457627118686e-06 3.632943835569163671e+00
1.068965517241379415e-06 3.631400862666739116e+00
1.087719298245614034e-06 3.629948665943615094e+00
1.107142857142857070e-06 3.628033553358354535e+00
1.127272727272727087e-06 3.624727393532830355e+00
1.148148148148147994e-06 3.620080673464903587e+00
1.169811320754716932e-06 3.614945277328188933e+00
1.192307692307692294e-06 3.609998597795480269e+00
1.215686274509803970e-06 3.605769014959576246e+00
1.239999999999999986e-06 3.602238429829143662e+00
1.265306122448979509e-06 3.598986380014169928e+00
1.291666666666666652e-06 3.596289288192520139e+00
1.319148936170212814e-06 3.593731488903097127e+00
1.347826086956521706e-06 3.591453208006730513e+00
1.377777777777777762e-06 3.589455567439352013e+00
1.409090909090909018e-06 3.587739947261859186e+00
1.441860465116279162e-06 3.586447044929568229e+00
1.476190476190476235e-06 3.585717844530898368e+00
1.512195121951219573e-06 3.586111045067605474e+00
1.549999999999999983e-06 3.588183593138583483e+00
1.589743589743589726e-06 3.595102852576084640e+00
1.631578947368420945e-06 3.608850543132036126e+00
1.675675675675675709e-06 3.609221273191784540e+00
1.722222222222222203e-06 3.582192425577992889e+00
1.771428571428571439e-06 3.555560529476737397e+00
1.823529411764705638e-06 3.537655178314911275e+00
1.878787878787878690e-06 3.523918536374766486e+00
1.937500000000000084e-06 3.512406691887139498e+00
1.999999999999999909e-06 3.502427771753341634e+00
2.066666666666666644e-06 3.493422405831694721e+00
2.137931034482758831e-06 3.485254658512918269e+00
2.214285714285714140e-06 3.477930420593443817e+00
2.296296296296295988e-06 3.471166951172766524e+00
2.384615384615384589e-06 3.464967532422570606e+00
2.479999999999999972e-06 3.459190656811691245e+00
2.583333333333333305e-06 3.453838444403115826e+00
2.695652173913043412e-06 3.448912872197153145e+00
2.818181818181818035e-06 3.444270604932383240e+00
2.952380952380952469e-06 3.440058139043613572e+00
3.099999999999999966e-06 3.435986030239359224e+00
3.263157894736841891e-06 3.432200460346102489e+00
3.444444444444444406e-06 3.428702378451649935e+00
3.647058823529411276e-06 3.425492665296482553e+00
3.875000000000000169e-06 3.422426040106637313e+00
4.133333333333333287e-06 3.419649104805930317e+00
4.428571428571428280e-06 3.417016242279220073e+00
4.769230769230769178e-06 3.414674215792774525e+00
5.166666666666666609e-06 3.412477106150310746e+00
5.636363636363636070e-06 3.410571799566752826e+00
6.199999999999999931e-06 3.408665427993776920e+00
