2.066666666666666644e-07 1.333752282018519919e+00
2.073578595317725660e-07 1.334467083779053986e+00
2.080536912751677938e-07 1.334647253902724540e+00
2.087542087542087286e-07 1.334327616812090112e+00
2.094594594594594636e-07 1.333629942450421879e+00
2.101694915254237108e-07 1.332594896398729967e+00
2.108843537414965936e-07 1.331303787556497920e+00
2.116040955631399228e-07 1.329788137503579382e+00
2.123287671232876805e-07 1.328100559378836198e+00
2.130584192439862380e-07 1.326296511777211418e+00
2.137931034482758725e-07 1.324408508128624096e+00
2.145328719723183197e-07 1.322492573851628883e+00
2.152777777777777754e-07 1.320581506781045356e+00
2.160278745644599239e-07 1.318724706172146766e+00
2.167832167832168025e-07 1.316978039955971624e+00
2.175438596491227962e-07 1.315397112605078078e+00
2.183098591549295974e-07 1.314056507127430162e+00
2.190812720848056357e-07 1.313010250604727425e+00
2.198581560283687936e-07 1.312314086562120785e+00
2.206405693950177806e-07 1.312045651427297344e+00
2.214285714285714299e-07 1.312308737404068504e+00
2.222222222222222180e-07 1.313143565924547840e+00
2.230215827338129542e-07 1.314632224837044561e+00
2.238267148014440504e-07 1.316853446656591320e+00
2.246376811594202931e-07 1.319841400226932748e+00
2.254545454545454544e-07 1.323661475321502135e+00
2.262773722627737157e-07 1.328336619974756827e+00
2.271062271062271151e-07 1.333868423718769014e+00
2.279411764705882047e-07 1.340275768747917429e+00
2.287822878228782400e-07 1.347526028636090167e+00
2.296296296296296094e-07 1.355580870282297790e+00
2.304832713754646819e-07 1.364367632077161829e+00
2.313432835820895414e-07 1.373841488526320820e+00
2.322097378277153666e-07 1.383901349753987375e+00
2.330827067669172779e-07 1.394472255328873977e+00
2.339622641509434076e-07 1.405466595095741900e+00
2.348484848484848363e-07 1.416827746054957871e+00
2.357414448669201582e-07 1.428477000854683654e+00
2.366412213740457945e-07 1.440397288016980637e+00
2.375478927203065309e-07 1.452557496920433788e+00
2.384615384615384589e-07 1.464939250660600489e+00
2.393822393822393794e-07 1.477613143318962763e+00
2.403100775193798251e-07 1.490630834440154429e+00
2.412451361867704515e-07 1.504078541174586281e+00
2.421875000000000105e-07 1.518046634131572148e+00
2.431372549019607941e-07 1.532705027794194041e+00
2.440944881889763711e-07 1.548183364396330530e+00
2.450592885375494059e-07 1.564672360679431495e+00
2.460317460317460215e-07 1.582322282310410611e+00
2.470119521912350783e-07 1.601375623439783791e+00
2.479999999999999972e-07 1.622029128385783503e+00
2.489959839357429258e-07 1.644515782547303573e+00
2.499999999999999887e-07 1.669081134876074346e+00
2.510121457489878459e-07 1.696031516129964389e+00
2.520325203252032621e-07 1.725613998698477092e+00
2.530612244897959123e-07 1.758122540317930138e+00
2.540983606557377151e-07 1.793878934093646071e+00
2.551440329218106654e-07 1.833100799717591656e+00
2.561983471074380465e-07 1.876264643062917514e+00
2.572614107883817340e-07 1.923418870521189872e+00
2.583333333333333305e-07 1.974985434668915074e+00
2.594142259414225848e-07 2.031088870681815539e+00
2.605042016806722642e-07 2.091678285137512638e+00
2.616033755274261615e-07 2.156736107434758409e+00
2.627118644067796716e-07 2.226192498651505591e+00
2.638297872340425311e-07 2.299765879160776461e+00
2.649572649572649543e-07 2.376921506028024655e+00
2.660944206008583475e-07 2.457104420756687890e+00
2.672413793103448538e-07 2.539668028592612536e+00
2.683982683982683919e-07 2.623894210323975518e+00
2.695652173913043517e-07 2.708664764421782500e+00
2.707423580786026242e-07 2.793024756019701016e+00
2.719298245614035085e-07 2.876096971910236277e+00
2.731277533039647740e-07 2.956786328836681133e+00
2.743362831858407457e-07 3.033941217360514475e+00
2.755555555555555525e-07 3.106808705163154105e+00
2.767857142857142675e-07 3.174487085689900123e+00
2.780269058295964083e-07 3.236326682469807814e+00
2.792792792792792318e-07 3.291960991451626573e+00
2.805429864253393696e-07 3.341142515945469516e+00
2.818181818181817717e-07 3.383943947855363010e+00
2.831050228310502230e-07 3.420654893438856092e+00
2.844036697247706240e-07 3.451459528165138568e+00
2.857142857142857467e-07 3.476779910919570948e+00
2.870370370370369986e-07 3.497003345514071881e+00
2.883720930232558218e-07 3.512401348422314218e+00
2.897196261682242864e-07 3.523452739728397010e+00
2.910798122065727965e-07 3.530424033192285371e+00
2.924528301886792330e-07 3.533914392889444755e+00
2.938388625592417415e-07 3.534359515354281722e+00
2.952380952380952046e-07 3.532132344351337494e+00
2.966507177033493254e-07 3.527679189791875558e+00
2.980769230769230736e-07 3.521444356664932052e+00
2.995169082125604085e-07 3.513664502682726454e+00
3.009708737864077467e-07 3.504778671072657392e+00
3.024390243902439146e-07 3.494792660155916053e+00
3.039215686274509926e-07 3.484093450426120953e+00
3.054187192118226674e-07 3.472695298436843103e+00
3.069306930693069179e-07 3.460815210832727917e+00
3.084577114427861081e-07 3.448412540272583371e+00
3.099999999999999966e-07 3.435655732319707223e+00
3.115577889447236277e-07 3.422569872189796580e+00
3.131313131313131327e-07 3.409291290433318800e+00
3.147208121827410942e-07 3.395844074879538432e+00
3.163265306122448772e-07 3.382362576379955410e+00
3.179487179487179452e-07 3.368815512389769395e+00
3.195876288659793703e-07 3.355409295924155266e+00
3.212435233160621962e-07 3.342108927568375520e+00
3.229166666666666631e-07 3.329139638374865484e+00
3.246073298429319233e-07 3.316472844374282580e+00
3.263157894736842208e-07 3.304188256157803760e+00
3.280423280423280815e-07 3.292444309228499399e+00
3.297872340425532036e-07 3.281207027120220054e+00
3.315508021390374128e-07 3.270538588784777101e+00
3.333333333333333006e-07 3.260513916931082168e+00
3.351351351351351100e-07 3.251143240303891346e+00
3.369565217391304264e-07 3.242479250513989442e+00
3.387978142076502339e-07 3.234563220692044716e+00
3.406593406593406329e-07 3.227315680514108109e+00
3.425414364640883624e-07 3.220831551075672650e+00
3.444444444444444406e-07 3.215072980411514791e+00
3.463687150837988700e-07 3.210067924324897959e+00
3.483146067415730102e-07 3.205753443422947324e+00
3.502824858757062287e-07 3.202156251279662413e+00
3.522727272727272544e-07 3.199267220258991351e+00
3.542857142857142667e-07 3.197044901694966246e+00
3.563218390804597698e-07 3.195558108568747890e+00
3.583815028901734000e-07 3.194717067385092868e+00
3.604651162790697905e-07 3.194557745369968504e+00
3.625730994152046604e-07 3.195056707729824641e+00
3.647058823529411911e-07 3.196225464621996526e+00
3.668639053254437911e-07 3.197995680523272544e+00
3.690476190476190586e-07 3.200513180521364021e+00
3.712574850299401128e-07 3.203629414829270772e+00
3.734939759036144945e-07 3.207501023802916240e+00
3.757575757575757486e-07 3.211990252956370639e+00
3.780487804878048932e-07 3.217240928189117888e+00
3.803680981595092145e-07 3.223205119792653672e+00
3.827160493827159981e-07 3.229969175963769423e+00
3.850931677018633218e-07 3.237539536168136944e+00
3.874999999999999957e-07 3.245877756850431783e+00
3.899371069182389774e-07 3.255145909495412493e+00
3.924050632911392422e-07 3.265381535439848104e+00
3.949044585987260799e-07 3.276609397319319772e+00
3.974358974358974315e-07 3.288941980396785869e+00
3.999999999999999819e-07 3.302379167999316856e+00
4.025974025974025613e-07 3.317083723886139257e+00
4.052287581699346391e-07 3.333138764892674910e+00
4.078947368421052363e-07 3.350678401037320508e+00
4.105960264900662322e-07 3.369865162597604158e+00
4.133333333333333287e-07 3.390888521722313698e+00
4.161073825503355875e-07 3.414081662243608317e+00
4.189189189189189271e-07 3.439788026436957580e+00
4.217687074829931872e-07 3.468560297545439042e+00
4.246575342465753610e-07 3.501045805934628330e+00
4.275862068965517449e-07 3.537835383890294949e+00
4.305555555555555508e-07 3.579506696515208475e+00
4.335664335664336049e-07 3.626435156210562116e+00
4.366197183098591948e-07 3.678366885320598634e+00
4.397163120567375872e-07 3.734526330826861251e+00
4.428571428571428598e-07 3.793687805621851261e+00
4.460431654676259084e-07 3.853669763024457851e+00
4.492753623188405862e-07 3.912500256036037349e+00
4.525547445255474313e-07 3.968055546789996502e+00
4.558823529411764095e-07 4.018621914540646323e+00
4.592592592592592189e-07 4.062984503671446035e+00
4.626865671641790828e-07 4.101153159819101113e+00
4.661654135338345558e-07 4.133550173628918856e+00
4.696969696969696725e-07 4.161954185768358627e+00
4.732824427480915889e-07 4.188842532182242451e+00
4.769230769230769178e-07 4.217436373935404603e+00
4.806201550387596501e-07 4.251064964873205732e+00
4.843750000000000211e-07 4.292526780292970301e+00
4.881889763779527422e-07 4.342003373170549629e+00
4.920634920634920429e-07 4.396087394274094784e+00
4.959999999999999945e-07 4.447785152822819832e+00
4.999999999999999774e-07 4.488804517659461979e+00
5.040650406504065243e-07 4.513747668736992402e+00
5.081967213114754302e-07 4.520990375905848069e+00
5.123966942148760930e-07 4.513175782837000938e+00
5.166666666666666609e-07 4.494782127860830201e+00
5.210084033613445285e-07 4.470654276632393120e+00
5.254237288135593431e-07 4.443606695934387396e+00
5.299145299145299086e-07 4.415529121202037111e+00
5.344827586206897077e-07 4.386951651449860101e+00
5.391304347826087035e-07 4.358211054216182490e+00
5.438596491228070171e-07 4.329747697680701890e+00
5.486725663716814914e-07 4.301616395436357543e+00
5.535714285714285350e-07 4.273906021273933931e+00
5.585585585585584637e-07 4.246960874677965236e+00
5.636363636363635435e-07 4.220806878692360264e+00
5.688073394495412480e-07 4.195484430743910309e+00
5.740740740740739971e-07 4.171167654339983599e+00
5.794392523364485729e-07 4.147690193134418557e+00
5.849056603773584661e-07 4.125126987011880964e+00
5.904761904761904091e-07 4.103446821631218988e+00
5.961538461538461472e-07 4.082622458479823635e+00
6.019417475728154934e-07 4.062633623410067507e+00
6.078431372549019852e-07 4.043343353142115681e+00
6.138613861386138357e-07 4.024860542594629109e+00
6.199999999999999931e-07 4.006932644797127629e+00
6.262626262626262653e-07 3.989554089306800222e+00
6.326530612244897543e-07 3.972840526306599340e+00
6.391752577319587405e-07 3.956544703677196573e+00
6.458333333333333262e-07 3.940785469325511325e+00
6.526315789473684417e-07 3.925437569566166296e+00
6.595744680851064072e-07 3.910624485386131610e+00
6.666666666666666012e-07 3.896220138287344259e+00
6.739130434782608529e-07 3.882222204517455033e+00
6.813186813186812657e-07 3.868629971730345396e+00
6.888888888888888812e-07 3.855441438108318852e+00
6.966292134831460204e-07 3.842784776543186176e+00
7.045454545454545088e-07 3.830402823957154368e+00
7.126436781609195396e-07 3.818552967897637540e+00
7.209302325581395811e-07 3.806975017963703856e+00
7.294117647058823822e-07 3.795800571293002079e+00
7.380952380952381173e-07 3.785157604812401821e+00
7.469879518072289890e-07 3.774787489199179280e+00
7.560975609756097864e-07 3.764819191007300336e+00
7.654320987654319962e-07 3.755252642750016800e+00
7.749999999999999914e-07 3.746090309675962793e+00
7.848101265822784844e-07 3.737198199426389866e+00
7.948717948717948630e-07 3.728708154159779298e+00
8.051948051948051226e-07 3.720622550786713667e+00
8.157894736842104727e-07 3.712807665317395589e+00
8.266666666666666575e-07 3.705397485446110029e+00
8.378378378378378543e-07 3.698390597910530264e+00
8.493150684931507219e-07 3.691521564464555816e+00
8.611111111111111016e-07 3.685057806941683278e+00
8.732394366197183896e-07 3.678999026078283219e+00
8.857142857142857196e-07 3.673212062010573931e+00
8.985507246376811725e-07 3.667560450043133802e+00
9.117647058823528190e-07 3.662315892887237911e+00
9.253731343283581655e-07 3.657343270841495020e+00
9.393939393939393450e-07 3.652778568639324597e+00
9.538461538461538356e-07 3.648213840904257488e+00
9.687500000000000422e-07 3.644057009976539252e+00
9.841269841269840858e-07 3.640172070435382157e+00
9.999999999999999547e-07 3.636424436934490245e+00
1.016393442622950860e-06 3.633086143313705385e+00
1.033333333333333322e-06 3.629747693766391503e+00
1.050847457627118686e-06 3.626820485485761747e+00
1.068965517241379415e-06 3.624029316335780848e+00
1.087719298245614034e-06 3.621374723294473519e+00
1.107142857142857070e-06 3.618993723831595677e+00
1.127272727272727087e-06 3.616888162401005857e+00
1.148148148148147994e-06 3.614919264486131212e+00
1.169811320754716932e-06 3.613226271872552964e+00
1.192307692307692294e-06 3.611807191573782827e+00
1.215686274509803970e-06 3.610663760141999301e+00
1.239999999999999986e-06 3.609929407755424258e+00
1.265306122448979509e-06 3.609732133005226995e+00
1.291666666666666652e-06 3.609910846531970918e+00
1.319148936170212814e-06 3.610027331604791723e+00
1.347826086956521706e-06 3.609123330997214829e+00
1.377777777777777762e-06 3.606701060314832841e+00
1.409090909090909018e-06 3.602960292514964191e+00
1.441860465116279162e-06 3.598745458461909408e+00
1.476190476190476235e-06 3.595141008872566601e+00
1.512195121951219573e-06 3.592395598584074090e+00
1.549999999999999983e-06 3.590075667833698247e+00
1.589743589743589726e-06 3.588175755549195323e+00
1.631578947368420945e-06 3.586695162398790160e+00
1.675675675675675709e-06 3.585356000038334212e+00
1.722222222222222203e-06 3.584438098405672957e+00
1.771428571428571439e-06 3.583663708606141807e+00
1.823529411764705638e-06 3.583312715215702493e+00
1.878787878787878690e-06 3.583247157366771241e+00
1.937500000000000084e-06 3.583886619168023646e+00
1.999999999999999909e-06 3.585371605906730874e+00
2.066666666666666644e-06 3.588815607274211672e+00
2.137931034482758831e-06 3.596968910858219903e+00
2.214285714285714140e-06 3.612904070910423204e+00
2.296296296296295988e-06 3.617593521315187299e+00
2.384615384615384589e-06 3.591258523050846918e+00
2.479999999999999972e-06 3.563146177454990404e+00
2.583333333333333305e-06 3.544714879040045119e+00
2.695652173913043412e-06 3.531147328434456334e+00
2.818181818181818035e-06 3.519943259060882568e+00
2.952380952380952469e-06 3.510413107859577941e+00
3.099999999999999966e-06 3.502142209951990548e+00
3.263157894736841891e-06 3.494853361254456114e+00
3.444444444444444406e-06 3.488409380260018899e+00
3.647058823529411276e-06 3.482527817691608796e+00
3.875000000000000169e-06 3.477355316933933516e+00
4.133333333333333287e-06 3.472607089787065338e+00
4.428571428571428280e-06 3.468284878727046827e+00
4.769230769230769178e-06 3.464390278245367938e+00
5.166666666666666609e-06 3.460924731917777386e+00
5.636363636363636070e-06 3.457889529756553948e+00
6.199999999999999931e-06 3.454996382053098447e+00
