2.066666666666666644e-07 1.323825659683260048e+00
2.073578595317725660e-07 1.324505537490044293e+00
2.080536912751677938e-07 1.324558489532488670e+00
2.087542087542087286e-07 1.324077413201486531e+00
2.094594594594594636e-07 1.323124746507510219e+00
2.101694915254237108e-07 1.321789410334811121e+00
2.108843537414965936e-07 1.320125320222333976e+00
2.116040955631399228e-07 1.318184929704784514e+00
2.123287671232876805e-07 1.316000245245885658e+00
2.130584192439862380e-07 1.313627405591151653e+00
2.137931034482758725e-07 1.311082707854423601e+00
2.145328719723183197e-07 1.308444009807095521e+00
2.152777777777777754e-07 1.305714381023029613e+00
2.160278745644599239e-07 1.302938445190182204e+00
2.167832167832168025e-07 1.300144086561275447e+00
2.175438596491227962e-07 1.297410170252452533e+00
2.183098591549295974e-07 1.294751474322693552e+00
2.190812720848056357e-07 1.292240659925484758e+00
2.198581560283687936e-07 1.289962829636858377e+00
2.206405693950177806e-07 1.287982734720091837e+00
2.214285714285714299e-07 1.286416831927951421e+00
2.222222222222222180e-07 1.285372046875499885e+00
2.230215827338129542e-07 1.284992793263973754e+00
2.238267148014440504e-07 1.285406740414790416e+00
2.246376811594202931e-07 1.286785437724279113e+00
2.254545454545454544e-07 1.289271381844963260e+00
2.262773722627737157e-07 1.292999558604809307e+00
2.271062271062271151e-07 1.298116035321756678e+00
2.279411764705882047e-07 1.304662302912844574e+00
2.287822878228782400e-07 1.312697968004498339e+00
2.296296296296296094e-07 1.322160540097346182e+00
2.304832713754646819e-07 1.332987813875587735e+00
2.313432835820895414e-07 1.344993453746015977e+00
2.322097378277153666e-07 1.357964356948788698e+00
2.330827067669172779e-07 1.371643307183340488e+00
2.339622641509434076e-07 1.385732563426411490e+00
2.348484848484848363e-07 1.399899029131747463e+00
2.357414448669201582e-07 1.413884009119757312e+00
2.366412213740457945e-07 1.427410775566111623e+00
2.375478927203065309e-07 1.440333724048158182e+00
2.384615384615384589e-07 1.452507233730192082e+00
2.393822393822393794e-07 1.463918961582666434e+00
2.403100775193798251e-07 1.474657552057290433e+00
2.412451361867704515e-07 1.484847111360074967e+00
2.421875000000000105e-07 1.494711972582166482e+00
2.431372549019607941e-07 1.504542877854673444e+00
2.440944881889763711e-07 1.514605856197998701e+00
2.450592885375494059e-07 1.525216808848077976e+00
2.460317460317460215e-07 1.536654918305462081e+00
2.470119521912350783e-07 1.549146728746726875e+00
2.479999999999999972e-07 1.562976923118022610e+00
2.489959839357429258e-07 1.578306881814403928e+00
2.499999999999999887e-07 1.595398641533325224e+00
2.510121457489878459e-07 1.614528269782542713e+00
2.520325203252032621e-07 1.636048109569705700e+00
2.530612244897959123e-07 1.660449843812092707e+00
2.540983606557377151e-07 1.688474607394088833e+00
2.551440329218106654e-07 1.721013522443779475e+00
2.561983471074380465e-07 1.759030041573877989e+00
2.572614107883817340e-07 1.803721614596902612e+00
2.583333333333333305e-07 1.856077068294248233e+00
2.594142259414225848e-07 1.917076281376585145e+00
2.605042016806722642e-07 1.987047213680068536e+00
2.616033755274261615e-07 2.065869104413288859e+00
2.627118644067796716e-07 2.152888091679475036e+00
2.638297872340425311e-07 2.246347229848181470e+00
2.649572649572649543e-07 2.344203425179278710e+00
2.660944206008583475e-07 2.444190638226380052e+00
2.672413793103448538e-07 2.543900124859440837e+00
2.683982683982683919e-07 2.641559446322875093e+00
2.695652173913043517e-07 2.736348100197488087e+00
2.707423580786026242e-07 2.828609391300181741e+00
2.719298245614035085e-07 2.919643172483047611e+00
2.731277533039647740e-07 3.011580208532603553e+00
2.743362831858407457e-07 3.106255368760930224e+00
2.755555555555555525e-07 3.204385534533396473e+00
2.767857142857142675e-07 3.305160782057372071e+00
2.780269058295964083e-07 3.406034564056275915e+00
2.792792792792792318e-07 3.502970748229725206e+00
2.805429864253393696e-07 3.591082757110921619e+00
2.818181818181817717e-07 3.665747625928930997e+00
2.831050228310502230e-07 3.723607438012373372e+00
2.844036697247706240e-07 3.762983707514051535e+00
2.857142857142857467e-07 3.784165542278723926e+00
2.870370370370369986e-07 3.789132273651573790e+00
2.883720930232558218e-07 3.780561048705278537e+00
2.897196261682242864e-07 3.761850136186013938e+00
2.910798122065727965e-07 3.736128172868577568e+00
2.924528301886792330e-07 3.705988869932522078e+00
2.938388625592417415e-07 3.673492444360947573e+00
2.952380952380952046e-07 3.640055839809372085e+00
2.966507177033493254e-07 3.606558054517119416e+00
2.980769230769230736e-07 3.573603243063672164e+00
2.995169082125604085e-07 3.541424746327317408e+00
3.009708737864077467e-07 3.510087257582901188e+00
3.024390243902439146e-07 3.479762344809082197e+00
3.039215686274509926e-07 3.450363065504836513e+00
3.054187192118226674e-07 3.421971076251012267e+00
3.069306930693069179e-07 3.394547063712193946e+00
3.084577114427861081e-07 3.368117326140763090e+00
3.099999999999999966e-07 3.342763023192919736e+00
3.115577889447236277e-07 3.318385957460347591e+00
3.131313131313131327e-07 3.295111344229810335e+00
3.147208121827410942e-07 3.272917777925738569e+00
3.163265306122448772e-07 3.251771426691934863e+00
3.179487179487179452e-07 3.231741919743715830e+00
3.195876288659793703e-07 3.212847375456163057e+00
3.212435233160621962e-07 3.195027868938151272e+00
3.229166666666666631e-07 3.178315484834518756e+00
3.246073298429319233e-07 3.162646436218753188e+00
3.263157894736842208e-07 3.148116643133682224e+00
3.280423280423280815e-07 3.134542852812360447e+00
3.297872340425532036e-07 3.122030490970674865e+00
3.315508021390374128e-07 3.110445627457242068e+00
3.333333333333333006e-07 3.099854883873197409e+00
3.351351351351351100e-07 3.090144786498730589e+00
3.369565217391304264e-07 3.081286430821048139e+00
3.387978142076502339e-07 3.073205773381801453e+00
3.406593406593406329e-07 3.065965768928929247e+00
3.425414364640883624e-07 3.059395853592591585e+00
3.444444444444444406e-07 3.053639937678791494e+00
3.463687150837988700e-07 3.048454942657688793e+00
3.483146067415730102e-07 3.043946815423104635e+00
3.502824858757062287e-07 3.040060574296337581e+00
3.522727272727272544e-07 3.036748769398245340e+00
3.542857142857142667e-07 3.034000937105192364e+00
3.563218390804597698e-07 3.031806325027686100e+00
3.583815028901734000e-07 3.030225394792873228e+00
3.604651162790697905e-07 3.029104068663464933e+00
3.625730994152046604e-07 3.028586278578609736e+00
3.647058823529411911e-07 3.028660652565172029e+00
3.668639053254437911e-07 3.029268051767538772e+00
3.690476190476190586e-07 3.030504976554145635e+00
3.712574850299401128e-07 3.032346627830232233e+00
3.734939759036144945e-07 3.034925657673834820e+00
3.757575757575757486e-07 3.038156187665407071e+00
3.780487804878048932e-07 3.042145029642575160e+00
3.803680981595092145e-07 3.046913617210953884e+00
3.827160493827159981e-07 3.052506438710504977e+00
3.850931677018633218e-07 3.059015086434295760e+00
3.874999999999999957e-07 3.066397033925346793e+00
3.899371069182389774e-07 3.074849188287369195e+00
3.924050632911392422e-07 3.084337399183972206e+00
3.949044585987260799e-07 3.094898088756293575e+00
3.974358974358974315e-07 3.106660993664698278e+00
3.999999999999999819e-07 3.119657677557926778e+00
4.025974025974025613e-07 3.134012006489803603e+00
4.052287581699346391e-07 3.149713043359420261e+00
4.078947368421052363e-07 3.166866724645414966e+00
4.105960264900662322e-07 3.185668106825995771e+00
4.133333333333333287e-07 3.205991606700413499e+00
4.161073825503355875e-07 3.227990921728407958e+00
4.189189189189189271e-07 3.251871741396898052e+00
4.217687074829931872e-07 3.277704833661672978e+00
4.246575342465753610e-07 3.306205789817837637e+00
4.275862068965517449e-07 3.338522664063090950e+00
4.305555555555555508e-07 3.376500031547783109e+00
4.335664335664336049e-07 3.422603908646857818e+00
4.366197183098591948e-07 3.478776666327978440e+00
4.397163120567375872e-07 3.545030144992930676e+00
4.428571428571428598e-07 3.618592173583000449e+00
4.460431654676259084e-07 3.693983525464755946e+00
4.492753623188405862e-07 3.765018803105548262e+00
4.525547445255474313e-07 3.826651617388804105e+00
4.558823529411764095e-07 3.876208523555434216e+00
4.592592592592592189e-07 3.914112943324672411e+00
4.626865671641790828e-07 3.942709525447909424e+00
4.661654135338345558e-07 3.965080723007103458e+00
4.696969696969696725e-07 3.984639218710404496e+00
4.732824427480915889e-07 4.004755466396564323e+00
4.769230769230769178e-07 4.028825290804430637e+00
4.806201550387596501e-07 4.061101090138026670e+00
4.843750000000000211e-07 4.106309526852450986e+00
4.881889763779527422e-07 4.168856059512977552e+00
4.920634920634920429e-07 4.248860035832628945e+00
4.959999999999999945e-07 4.337659361581009954e+00
4.999999999999999774e-07 4.417957983691605861e+00
5.040650406504065243e-07 4.472604168101455890e+00
5.081967213114754302e-07 4.494709077945556963e+00
5.123966942148760930e-07 4.489705116433218457e+00
5.166666666666666609e-07 4.469127850504736266e+00
5.210084033613445285e-07 4.442652464503113130e+00
5.254237288135593431e-07 4.414550916572044237e+00
5.299145299145299086e-07 4.386054280966882324e+00
5.344827586206897077e-07 4.357174180047469036e+00
5.391304347826087035e-07 4.328086869973383877e+00
5.438596491228070171e-07 4.298864912682122785e+00
5.486725663716814914e-07 4.269975351094124960e+00
5.535714285714285350e-07 4.241590765259982021e+00
5.585585585585584637e-07 4.213686713412715612e+00
5.636363636363635435e-07 4.186719732096270796e+00
5.688073394495412480e-07 4.160598682025237416e+00
5.740740740740739971e-07 4.135360777199133864e+00
5.794392523364485729e-07 4.111290907542530348e+00
5.849056603773584661e-07 4.088339804683594814e+00
5.904761904761904091e-07 4.066341734168795519e+00
5.961538461538461472e-07 4.045379558407659282e+00
6.019417475728154934e-07 4.025547004136591056e+00
6.078431372549019852e-07 4.006574536650540530e+00
6.138613861386138357e-07 3.988565561257130021e+00
6.199999999999999931e-07 3.971259354914232098e+00
6.262626262626262653e-07 3.954767746732938072e+00
6.326530612244897543e-07 3.938960404601892229e+00
6.391752577319587405e-07 3.923703226124211962e+00
6.458333333333333262e-07 3.909123546322549991e+00
6.526315789473684417e-07 3.894838141427489298e+00
6.595744680851064072e-07 3.881227154062410367e+00
6.666666666666666012e-07 3.867907942430606205e+00
6.739130434782608529e-07 3.855007093034807486e+00
6.813186813186812657e-07 3.842525203480366081e+00
6.888888888888888812e-07 3.830459596535435995e+00
6.966292134831460204e-07 3.818809351432836952e+00
7.045454545454545088e-07 3.807447475674146542e+00
7.126436781609195396e-07 3.796499951740986756e+00
7.209302325581395811e-07 3.785838964105080695e+00
7.294117647058823822e-07 3.775591492365577562e+00
7.380952380952381173e-07 3.765625846528656062e+00
7.469879518072289890e-07 3.755944767113807536e+00
7.560975609756097864e-07 3.746676587913015943e+00
7.654320987654319962e-07 3.737820631347971823e+00
7.749999999999999914e-07 3.729115838545093098e+00
7.848101265822784844e-07 3.720821988912154321e+00
7.948717948717948630e-07 3.712809737033464952e+00
8.051948051948051226e-07 3.705077387920928889e+00
8.157894736842104727e-07 3.697758425227763990e+00
8.266666666666666575e-07 3.690718119571482880e+00
8.378378378378378543e-07 3.683823423613326931e+00
8.493150684931507219e-07 3.677342346772735304e+00
8.611111111111111016e-07 3.671139290866074933e+00
8.732394366197183896e-07 3.665215414126142601e+00
8.857142857142857196e-07 3.659570462013541636e+00
8.985507246376811725e-07 3.654067327455427172e+00
9.117647058823528190e-07 3.648979216687407323e+00
9.253731343283581655e-07 3.644167896750508451e+00
9.393939393939393450e-07 3.639499592790164328e+00
9.538461538461538356e-07 3.635108410419613634e+00
9.687500000000000422e-07 3.630994056771409628e+00
9.841269841269840858e-07 3.627158763612517767e+00
9.999999999999999547e-07 3.623464046434426766e+00
1.016393442622950860e-06 3.620047309913615230e+00
1.033333333333333322e-06 3.616908167571238231e+00
1.050847457627118686e-06 3.613910161752770467e+00
1.068965517241379415e-06 3.611188665774364370e+00
1.087719298245614034e-06 3.608608141689796156e+00
1.107142857142857070e-06 3.606167773672995125e+00
1.127272727272727087e-06 3.604005707768039191e+00
1.148148148148147994e-06 3.602121476910740583e+00
1.169811320754716932e-06 3.600238707280154049e+00
1.192307692307692294e-06 3.598634725396698819e+00
1.215686274509803970e-06 3.597309028054150648e+00
1.239999999999999986e-06 3.595984725381282221e+00
1.265306122448979509e-06 3.594938522696919048e+00
1.291666666666666652e-06 3.594170985389915973e+00
1.319148936170212814e-06 3.593403812787139273e+00
1.347826086956521706e-06 3.592916158984511554e+00
1.377777777777777762e-06 3.592705483539465394e+00
1.409090909090909018e-06 3.592634822972412323e+00
1.441860465116279162e-06 3.592979649824082244e+00
1.476190476190476235e-06 3.593599184534800095e+00
1.512195121951219573e-06 3.594758228182465931e+00
1.549999999999999983e-06 3.596569014286279398e+00
1.589743589743589726e-06 3.598305248110989396e+00
1.631578947368420945e-06 3.599137973690872183e+00
1.675675675675675709e-06 3.598020652548963305e+00
1.722222222222222203e-06 3.595309346217351543e+00
1.771428571428571439e-06 3.591868587076522346e+00
1.823529411764705638e-06 3.588922458532484594e+00
1.878787878787878690e-06 3.586849570666583276e+00
1.937500000000000084e-06 3.585486481719545537e+00
1.999999999999999909e-06 3.584685336067088279e+00
2.066666666666666644e-06 3.584165923456346547e+00
2.137931034482758831e-06 3.583928241313086627e+00
2.214285714285714140e-06 3.584112155297352054e+00
2.296296296296295988e-06 3.584578390100939149e+00
2.384615384615384589e-06 3.585327460666245525e+00
2.479999999999999972e-06 3.586498884514925489e+00
2.583333333333333305e-06 3.588093303564869441e+00
2.695652173913043412e-06 3.590529067567689303e+00
2.818181818181818035e-06 3.593945672850520801e+00
2.952380952380952469e-06 3.599868294446893380e+00
3.099999999999999966e-06 3.611832417371116488e+00
3.263157894736841891e-06 3.630989886713713144e+00
3.444444444444444406e-06 3.628373324427943025e+00
3.647058823529411276e-06 3.597365272523273205e+00
3.875000000000000169e-06 3.571974424348383081e+00
4.133333333333333287e-06 3.555840297585582732e+00
4.428571428571428280e-06 3.544009035273963715e+00
4.769230769230769178e-06 3.534543818722511777e+00
5.166666666666666609e-06 3.526613106195919833e+00
5.636363636363636070e-06 3.520085226251902899e+00
6.199999999999999931e-06 3.514541221839042606e+00
