6	-4.35	6.4037
5.98	-4.379	6.4386
5.96	-4.4129	6.4741
5.94	-4.4516	6.5107
5.92	-4.4947	6.5486
5.9	-4.5421	6.5882
5.88	-4.5937	6.6297
5.86	-4.6492	6.6733
5.84	-4.7085	6.7192
5.82	-4.7715	6.7677
5.8	-4.8382	6.819
5.78	-4.9083	6.8733
5.76	-4.9819	6.9308
5.74	-5.0589	6.9917
5.72	-5.1392	7.0563
5.7	-5.2227	7.1247
5.68	-5.3094	7.1973
5.66	-5.3992	7.2742
5.64	-5.4921	7.3557
5.62	-5.5879	7.4421
5.6	-5.6865	7.5335
5.58	-5.788	7.6303
5.56	-5.8922	7.7326
5.54	-5.9991	7.8408
5.52	-6.1087	7.9551
5.5	-6.2208	8.0758
5.48	-6.3354	8.2032
5.46	-6.4526	8.3375
5.44	-6.5723	8.4792
5.42	-6.6945	8.6286
5.4	-6.8193	8.7861
5.38	-6.9467	8.9522
5.36	-7.0768	9.1275
5.34	-7.2097	9.3125
5.32	-7.3455	9.508
5.3	-7.4842	9.7148
5.28	-7.6259	9.934
5.26	-7.7706	10.167
5.24	-7.9183	10.415
5.22	-8.0686	10.679
5.2	-8.2211	10.962
5.18	-8.3751	11.265
5.16	-8.5296	11.592
5.14	-8.6829	11.943
5.12	-8.8331	12.323
5.1	-8.9773	12.733
5.08	-9.1123	13.177
5.06	-9.2337	13.656
5.04	-9.3365	14.172
5.02	-9.4148	14.727
5	-9.462	15.321
4.98	-9.4709	15.953
4.96	-9.4336	16.622
4.94	-9.3421	17.323
4.92	-9.1887	18.052
4.9	-8.966	18.801
4.88	-8.6674	19.561
4.86	-8.2878	20.323
4.84	-7.8239	21.074
4.82	-7.2742	21.802
4.8	-6.6399	22.492
4.78	-5.9249	23.131
4.76	-5.1358	23.706
4.74	-4.2817	24.204
4.72	-3.3745	24.616
4.7	-2.4282	24.933
4.68	-1.4582	25.149
4.66	-0.48116	25.263
4.64	0.48631	25.278
4.62	1.4287	25.198
4.6	2.3332	25.033
4.58	3.1905	24.794
4.56	3.9949	24.492
4.54	4.7432	24.136
4.52	5.4332	23.736
4.5	6.063	23.3
4.48	6.6309	22.835
4.46	7.1367	22.349
4.44	7.5813	21.853
4.42	7.9673	21.353
4.4	8.2983	20.856
4.38	8.579	20.369
4.36	8.8142	19.896
4.34	9.0093	19.44
4.32	9.1695	19.003
4.3	9.2996	18.587
4.28	9.4039	18.191
4.26	9.4865	17.817
4.24	9.5504	17.462
4.22	9.5986	17.127
4.2	9.6333	16.811
4.18	9.6562	16.512
4.16	9.6688	16.229
4.14	9.6724	15.962
4.12	9.6679	15.71
4.1	9.6562	15.473
4.08	9.6381	15.249
4.06	9.6143	15.039
4.04	9.5855	14.842
4.02	9.5525	14.658
4	9.5158	14.487
3.98	9.4763	14.329
3.96	9.4346	14.182
3.94	9.3913	14.047
3.92	9.3472	13.924
3.9	9.3027	13.812
3.88	9.2585	13.71
3.86	9.2151	13.618
3.84	9.1729	13.537
3.82	9.1323	13.464
3.8	9.0937	13.401
3.78	9.0573	13.346
3.76	9.0234	13.299
3.74	8.9921	13.259
3.72	8.9637	13.228
3.7	8.9382	13.203
3.68	8.9157	13.184
3.66	8.8963	13.172
3.64	8.8801	13.167
3.62	8.8671	13.167
3.6	8.8573	13.174
3.58	8.8508	13.187
3.56	8.8477	13.205
3.54	8.8479	13.229
3.52	8.8517	13.259
3.5	8.859	13.295
3.48	8.87	13.338
3.46	8.8849	13.386
3.44	8.9039	13.442
3.42	8.9273	13.504
3.4	8.9553	13.573
3.38	8.9884	13.649
3.36	9.0271	13.734
3.34	9.0718	13.827
3.32	9.1232	13.928
3.3	9.1821	14.039
3.28	9.2494	14.159
3.26	9.326	14.29
3.24	9.4131	14.433
3.22	9.5122	14.588
3.2	9.6252	14.756
3.18	9.7548	14.941
3.16	9.9052	15.142
3.14	10.083	15.364
3.12	10.296	15.604
3.1	10.556	15.861
3.08	10.875	16.126
3.06	11.263	16.383
3.04	11.726	16.613
3.02	12.259	16.791
3	12.847	16.893
2.98	13.466	16.904
2.96	14.085	16.819
2.94	14.674	16.646
2.92	15.208	16.408
2.9	15.674	16.133
2.88	16.071	15.855
2.86	16.416	15.608
2.84	16.738	15.417
2.82	17.085	15.298
2.8	17.517	15.238
2.78	18.097	15.182
2.76	18.852	15.029
2.74	19.734	14.655
2.72	20.608	13.983
2.7	21.311	13.044
2.68	21.74	11.962
2.66	21.891	10.88
2.64	21.832	9.897
2.62	21.648	9.0444
2.6	21.4	8.3114
2.58	21.12	7.6763
2.56	20.824	7.1213
2.54	20.52	6.6339
2.52	20.215	6.2049
2.5	19.913	5.8267
2.48	19.619	5.4925
2.46	19.335	5.1962
2.44	19.062	4.9321
2.42	18.802	4.6954
2.4	18.555	4.4818
2.38	18.32	4.2876
2.36	18.096	4.1096
2.34	17.884	3.9453
2.32	17.681	3.7927
2.3	17.488	3.6503
2.28	17.302	3.517
2.26	17.123	3.392
2.24	16.952	3.2746
2.22	16.786	3.1644
2.2	16.626	3.0608
2.18	16.471	2.9636
2.16	16.322	2.8722
2.14	16.178	2.7863
2.12	16.039	2.7056
2.1	15.905	2.6296
2.08	15.776	2.5581
2.06	15.651	2.4907
2.04	15.531	2.4271
2.02	15.416	2.3671
2	15.304	2.3102
1.98	15.197	2.2564
1.96	15.094	2.2053
1.94	14.995	2.1566
1.92	14.9	2.1101
1.9	14.809	2.0657
1.88	14.722	2.023
1.86	14.638	1.9819
1.84	14.557	1.9423
1.82	14.48	1.9038
1.8	14.406	1.8664
1.78	14.335	1.8299
1.76	14.267	1.7942
1.74	14.202	1.7591
1.72	14.14	1.7245
1.7	14.081	1.6903
1.68	14.024	1.6564
1.66	13.969	1.6227
1.64	13.917	1.5892
1.62	13.867	1.5556
1.6	13.819	1.5221
1.58	13.774	1.4884
1.56	13.731	1.4545
1.54	13.691	1.4203
1.52	13.653	1.3853
1.5	13.62	1.3485
1.48	13.589	1.3074
1.46	13.56	1.2592
1.44	13.525	1.2044
1.42	13.481	1.1483
1.4	13.43	1.0978
1.38	13.378	1.0556
1.36	13.33	1.0195
1.34	13.285	0.98602
1.32	13.245	0.95314
1.3	13.208	0.92002
1.28	13.174	0.88642
1.26	13.141	0.85227
1.24	13.111	0.81754
1.22	13.083	0.78225
1.2	13.058	0.74647
1.18	13.036	0.71032
1.16	13.019	0.67401
1.14	13.012	0.6377
1.12	13.027	0.59852
1.1	13.089	0.51761
1.08	13.12	0.30782
1.06	12.97	0.090545
1.04	12.773	0.01935
1.02	12.633	0.0087318
1	12.527	0.0051399
0.98	12.438	0.0029096
0.96	12.359	0.0015567
0.94	12.288	0.00078506
0.92	12.224	0.00037242
0.9	12.164	0.00016591
0.88	12.109	6.9308e-005
0.86	12.057	2.7118e-005
0.84	12.008	9.9271e-006
0.82	11.962	3.3974e-006
0.8	11.918	1.086e-006
0.78	11.877	0
0.76	11.838	0
0.74	11.8	0
0.72	11.764	0
0.7	11.73	0
0.68	11.698	0
0.66	11.667	0
0.64	11.638	0
0.62	11.609	0
0.6	11.582	0
0.58	11.557	0
0.56	11.532	0
0.54	11.509	0
0.52	11.486	0
0.5	11.465	0
0.48	11.445	0
0.46	11.426	0
0.44	11.407	0
0.42	11.39	0
0.4	11.374	0
0.38	11.358	0
0.36	11.344	0
0.34	11.33	0
0.32	11.317	0
0.3	11.305	0
0.28	11.294	0
0.26	11.284	0
0.24	11.274	0
0.22	11.266	0
0.2	11.258	0