In(x)GaAs alloy (relaxed) from parametric model fits at UNL
ALLOY
eV
e1e2
 7 
 0  .1  .24  .35  .53  .75  1 
 5 
 1.414071 -1.509777  .4631504  5.549398E-06 
 2.895957 -.8481522  .2950315  .1246887 
 3.170113 -.6940146  4.35099E-03  .3217516 
 4.640512 -.0528714 -1.112961  .9907963 
 4.891459 -.7900101  8.342201E-02  .4338949 

6	-4.8914	6.6574
5.98	-4.9291	6.703
5.96	-4.9718	6.7492
5.94	-5.0195	6.7962
5.92	-5.0718	6.8444
5.9	-5.1285	6.8943
5.88	-5.1896	6.9459
5.86	-5.2549	6.9996
5.84	-5.3243	7.0555
5.82	-5.3977	7.114
5.8	-5.4751	7.1752
5.78	-5.5565	7.2394
5.76	-5.6418	7.3068
5.74	-5.7309	7.3775
5.72	-5.824	7.4519
5.7	-5.921	7.5301
5.68	-6.022	7.6125
5.66	-6.127	7.6992
5.64	-6.2359	7.7905
5.62	-6.349	7.8868
5.6	-6.4662	7.9882
5.58	-6.5876	8.095
5.56	-6.7134	8.2075
5.54	-6.8436	8.3261
5.52	-6.9786	8.4511
5.5	-7.1185	8.5828
5.48	-7.2636	8.7215
5.46	-7.4143	8.8677
5.44	-7.5712	9.0219
5.42	-7.7348	9.1847
5.4	-7.9059	9.3567
5.38	-8.0854	9.539
5.36	-8.2746	9.7327
5.34	-8.4748	9.9395
5.32	-8.6872	10.162
5.3	-8.9135	10.402
5.28	-9.1549	10.665
5.26	-9.4124	10.954
5.24	-9.6862	11.276
5.22	-9.9756	11.638
5.2	-10.278	12.047
5.18	-10.589	12.514
5.16	-10.901	13.046
5.14	-11.204	13.653
5.12	-11.484	14.341
5.1	-11.724	15.115
5.08	-11.905	15.977
5.06	-12.004	16.922
5.04	-12.001	17.94
5.02	-11.874	19.015
5	-11.605	20.124
4.98	-11.183	21.24
4.96	-10.603	22.331
4.94	-9.8667	23.363
4.92	-8.9881	24.304
4.9	-7.9879	25.124
4.88	-6.8946	25.802
4.86	-5.7416	26.323
4.84	-4.5647	26.684
4.82	-3.3984	26.89
4.8	-2.2729	26.956
4.78	-1.2121	26.903
4.76	-0.2313	26.758
4.74	0.66263	26.547
4.72	1.4705	26.296
4.7	2.1988	26.026
4.68	2.8574	25.755
4.66	3.4606	25.5
4.64	4.0303	25.272
4.62	4.5948	25.072
4.6	5.1771	24.882
4.58	5.7849	24.678
4.56	6.4119	24.437
4.54	7.0454	24.146
4.52	7.6703	23.799
4.5	8.2717	23.393
4.48	8.8353	22.932
4.46	9.3493	22.424
4.44	9.8045	21.878
4.42	10.195	21.305
4.4	10.518	20.718
4.38	10.775	20.128
4.36	10.967	19.546
4.34	11.101	18.981
4.32	11.182	18.44
4.3	11.218	17.927
4.28	11.214	17.448
4.26	11.179	17.002
4.24	11.118	16.592
4.22	11.037	16.216
4.2	10.941	15.874
4.18	10.834	15.564
4.16	10.719	15.285
4.14	10.601	15.035
4.12	10.481	14.811
4.1	10.36	14.611
4.08	10.242	14.434
4.06	10.126	14.278
4.04	10.014	14.141
4.02	9.9073	14.021
4	9.8053	13.916
3.98	9.7089	13.826
3.96	9.6181	13.75
3.94	9.5332	13.685
3.92	9.454	13.631
3.9	9.3806	13.587
3.88	9.3127	13.553
3.86	9.2503	13.527
3.84	9.1931	13.509
3.82	9.1408	13.499
3.8	9.0934	13.496
3.78	9.0505	13.5
3.76	9.0121	13.511
3.74	8.9779	13.529
3.72	8.9478	13.554
3.7	8.9218	13.586
3.68	8.8999	13.624
3.66	8.8821	13.67
3.64	8.8685	13.724
3.62	8.8592	13.785
3.6	8.8545	13.854
3.58	8.8545	13.931
3.56	8.8597	14.017
3.54	8.8703	14.112
3.52	8.8869	14.216
3.5	8.9099	14.331
3.48	8.9401	14.456
3.46	8.978	14.592
3.44	9.0245	14.741
3.42	9.0807	14.902
3.4	9.1477	15.077
3.38	9.2271	15.267
3.36	9.3204	15.473
3.34	9.4298	15.697
3.32	9.5576	15.939
3.3	9.706	16.203
3.28	9.8768	16.491
3.26	10.073	16.813
3.24	10.305	17.186
3.22	10.608	17.632
3.2	11.055	18.146
3.18	11.719	18.652
3.16	12.609	19.013
3.14	13.619	19.106
3.12	14.582	18.915
3.1	15.37	18.535
3.08	15.952	18.099
3.06	16.367	17.708
3.04	16.678	17.422
3.02	16.95	17.271
3	17.253	17.277
2.98	17.682	17.454
2.96	18.392	17.775
2.94	19.586	18.061
2.92	21.301	17.877
2.9	23.097	16.809
2.88	24.288	15.018
2.86	24.66	13.137
2.84	24.529	11.575
2.82	24.217	10.333
2.8	23.841	9.3029
2.78	23.428	8.4255
2.76	22.993	7.6741
2.74	22.548	7.0313
2.72	22.107	6.4818
2.7	21.677	6.0119
2.68	21.265	5.6087
2.66	20.875	5.2612
2.64	20.508	4.9592
2.62	20.164	4.6941
2.6	19.844	4.4585
2.58	19.545	4.2462
2.56	19.265	4.0525
2.54	19.001	3.8738
2.52	18.752	3.7076
2.5	18.515	3.5524
2.48	18.289	3.4072
2.46	18.073	3.2712
2.44	17.865	3.1439
2.42	17.665	3.0247
2.4	17.473	2.913
2.38	17.288	2.8085
2.36	17.111	2.7104
2.34	16.94	2.6184
2.32	16.775	2.5321
2.3	16.617	2.4509
2.28	16.465	2.3745
2.26	16.318	2.3025
2.24	16.178	2.2344
2.22	16.042	2.17
2.2	15.912	2.1089
2.18	15.788	2.0507
2.16	15.668	1.9952
2.14	15.552	1.942
2.12	15.441	1.891
2.1	15.335	1.8418
2.08	15.233	1.7942
2.06	15.135	1.7481
2.04	15.04	1.7031
2.02	14.95	1.6592
2	14.862	1.6161
1.98	14.778	1.5737
1.96	14.698	1.532
1.94	14.62	1.4907
1.92	14.545	1.4499
1.9	14.473	1.4093
1.88	14.405	1.3689
1.86	14.339	1.3284
1.84	14.278	1.2871
1.82	14.22	1.2431
1.8	14.165	1.1938
1.78	14.108	1.1378
1.76	14.043	1.0786
1.74	13.971	1.023
1.72	13.895	0.97546
1.7	13.822	0.93554
1.68	13.754	0.89991
1.66	13.69	0.8659
1.64	13.63	0.83231
1.62	13.573	0.79873
1.6	13.519	0.76503
1.58	13.467	0.73113
1.56	13.419	0.69694
1.54	13.373	0.66237
1.52	13.33	0.62737
1.5	13.292	0.5919
1.48	13.261	0.55607
1.46	13.245	0.51891
1.44	13.265	0.45875
1.42	13.285	0.30081
1.4	13.164	0.097592
1.38	12.967	0.013087
1.36	12.815	0.0014681
1.34	12.7	0.00033012
1.32	12.603	7.4677e-005
1.3	12.517	1.3545e-005
1.28	12.438	1.9376e-006
1.26	12.365	0
1.24	12.297	0
1.22	12.233	0
1.2	12.173	0
1.18	12.115	0
1.16	12.06	0
1.14	12.008	0
1.12	11.957	0
1.1	11.909	0
1.08	11.863	0
1.06	11.818	0
1.04	11.775	0
1.02	11.734	0
1	11.694	0
0.98	11.655	0
0.96	11.618	0
0.94	11.582	0
0.92	11.547	0
0.9	11.514	0
0.88	11.481	0
0.86	11.45	0
0.84	11.42	0
0.82	11.391	0
0.8	11.363	0
0.78	11.335	0
0.76	11.309	0
0.74	11.284	0
0.72	11.259	0
0.7	11.236	0
0.68	11.213	0
0.66	11.191	0
0.64	11.17	0
0.62	11.15	0
0.6	11.13	0
0.58	11.112	0
0.56	11.094	0
0.54	11.076	0
0.52	11.06	0
0.5	11.044	0
0.48	11.029	0
0.46	11.015	0
0.44	11.001	0
0.42	10.988	0
0.4	10.975	0
0.38	10.964	0
0.36	10.952	0
0.34	10.942	0
0.32	10.932	0
0.3	10.923	0
0.28	10.914	0
0.26	10.906	0
0.24	10.899	0
0.22	10.892	0
0.2	10.886	0

6	-4.7535	6.5986
5.98	-4.7883	6.6423
5.96	-4.8281	6.6866
5.94	-4.8726	6.7319
5.92	-4.9216	6.7786
5.9	-4.975	6.8269
5.88	-5.0326	6.8771
5.86	-5.0942	6.9295
5.84	-5.1597	6.9843
5.82	-5.2291	7.0418
5.8	-5.3022	7.1021
5.78	-5.3789	7.1655
5.76	-5.4593	7.2322
5.74	-5.5433	7.3024
5.72	-5.6308	7.3765
5.7	-5.7219	7.4545
5.68	-5.8163	7.5368
5.66	-5.9142	7.6236
5.64	-6.0156	7.7152
5.62	-6.1203	7.8118
5.6	-6.2283	7.9138
5.58	-6.3398	8.0213
5.56	-6.4546	8.1347
5.54	-6.5728	8.2543
5.52	-6.6943	8.3804
5.5	-6.8194	8.5132
5.48	-6.9479	8.6533
5.46	-7.0801	8.8008
5.44	-7.2161	8.9563
5.42	-7.3561	9.1203
5.4	-7.5004	9.2932
5.38	-7.6492	9.4757
5.36	-7.8031	9.6687
5.34	-7.9625	9.873
5.32	-8.1279	10.09
5.3	-8.2997	10.321
5.28	-8.4785	10.568
5.26	-8.6647	10.834
5.24	-8.8583	11.12
5.22	-9.0591	11.431
5.2	-9.2664	11.77
5.18	-9.4786	12.142
5.16	-9.6932	12.551
5.14	-9.9067	13.001
5.12	-10.114	13.499
5.1	-10.308	14.049
5.08	-10.482	14.653
5.06	-10.624	15.316
5.04	-10.725	16.037
5.02	-10.771	16.815
5	-10.75	17.647
4.98	-10.649	18.524
4.96	-10.455	19.436
4.94	-10.158	20.371
4.92	-9.7504	21.311
4.9	-9.2262	22.239
4.88	-8.5849	23.133
4.86	-7.8299	23.974
4.84	-6.9689	24.741
4.82	-6.0142	25.416
4.8	-4.9819	25.982
4.78	-3.8914	26.428
4.76	-2.7645	26.745
4.74	-1.624	26.931
4.72	-0.49327	26.987
4.7	0.60546	26.921
4.68	1.6521	26.745
4.66	2.6305	26.475
4.64	3.5313	26.134
4.62	4.3532	25.742
4.6	5.1017	25.315
4.58	5.7838	24.864
4.56	6.4051	24.395
4.54	6.969	23.91
4.52	7.4778	23.417
4.5	7.9347	22.919
4.48	8.3429	22.42
4.46	8.7061	21.924
4.44	9.0278	21.433
4.42	9.3111	20.949
4.4	9.5588	20.474
4.38	9.7731	20.008
4.36	9.956	19.552
4.34	10.109	19.108
4.32	10.234	18.676
4.3	10.332	18.257
4.28	10.405	17.854
4.26	10.454	17.466
4.24	10.481	17.096
4.22	10.488	16.745
4.2	10.478	16.412
4.18	10.451	16.1
4.16	10.412	15.808
4.14	10.361	15.536
4.12	10.301	15.285
4.1	10.235	15.054
4.08	10.162	14.842
4.06	10.087	14.649
4.04	10.009	14.474
4.02	9.9302	14.316
4	9.852	14.175
3.98	9.7751	14.048
3.96	9.7002	13.935
3.94	9.6281	13.836
3.92	9.5591	13.748
3.9	9.4937	13.672
3.88	9.4321	13.607
3.86	9.3745	13.551
3.84	9.3209	13.505
3.82	9.2715	13.467
3.8	9.2262	13.437
3.78	9.1851	13.414
3.76	9.148	13.399
3.74	9.115	13.391
3.72	9.0859	13.389
3.7	9.0606	13.394
3.68	9.0392	13.405
3.66	9.0216	13.422
3.64	9.0078	13.446
3.62	8.9978	13.476
3.6	8.9915	13.512
3.58	8.9892	13.556
3.56	8.9909	13.605
3.54	8.9967	13.662
3.52	9.0068	13.726
3.5	9.0216	13.798
3.48	9.0413	13.877
3.46	9.0663	13.965
3.44	9.0971	14.062
3.42	9.1342	14.169
3.4	9.1785	14.285
3.38	9.2306	14.412
3.36	9.2917	14.551
3.34	9.3628	14.702
3.32	9.4453	14.866
3.3	9.5408	15.044
3.28	9.651	15.237
3.26	9.7778	15.448
3.24	9.9241	15.68
3.22	10.095	15.937
3.2	10.3	16.224
3.18	10.556	16.546
3.16	10.889	16.897
3.14	11.324	17.256
3.12	11.88	17.584
3.1	12.551	17.827
3.08	13.302	17.938
3.06	14.073	17.893
3.04	14.799	17.701
3.02	15.43	17.405
3	15.944	17.064
2.98	16.348	16.736
2.96	16.672	16.47
2.94	16.964	16.302
2.92	17.285	16.253
2.9	17.725	16.322
2.88	18.396	16.449
2.86	19.385	16.471
2.84	20.64	16.144
2.82	21.902	15.293
2.8	22.838	13.996
2.78	23.286	12.541
2.76	23.324	11.195
2.74	23.131	10.058
2.72	22.837	9.1118
2.7	22.498	8.3087
2.68	22.137	7.6171
2.66	21.763	7.0186
2.64	21.387	6.5003
2.62	21.016	6.0511
2.6	20.656	5.6611
2.58	20.31	5.3211
2.56	19.98	5.0233
2.54	19.669	4.7603
2.52	19.376	4.5261
2.5	19.1	4.3153
2.48	18.841	4.1235
2.46	18.596	3.9473
2.44	18.364	3.7842
2.42	18.143	3.6321
2.4	17.933	3.4899
2.38	17.731	3.3566
2.36	17.537	3.2316
2.34	17.351	3.1145
2.32	17.171	3.0046
2.3	16.998	2.9015
2.28	16.832	2.8048
2.26	16.671	2.714
2.24	16.516	2.6287
2.22	16.367	2.5485
2.2	16.224	2.473
2.18	16.085	2.402
2.16	15.952	2.3349
2.14	15.824	2.2715
2.12	15.701	2.2115
2.1	15.583	2.1546
2.08	15.469	2.1004
2.06	15.36	2.0488
2.04	15.255	1.9994
2.02	15.154	1.952
2	15.057	1.9064
1.98	14.964	1.8623
1.96	14.875	1.8196
1.94	14.789	1.778
1.92	14.707	1.7375
1.9	14.627	1.6979
1.88	14.551	1.6589
1.86	14.478	1.6205
1.84	14.408	1.5826
1.82	14.341	1.5451
1.8	14.276	1.5078
1.78	14.214	1.4708
1.76	14.155	1.4338
1.74	14.098	1.3968
1.72	14.044	1.3596
1.7	13.994	1.3217
1.68	13.948	1.2815
1.66	13.904	1.2363
1.64	13.86	1.1842
1.62	13.809	1.1271
1.6	13.749	1.0716
1.58	13.685	1.0234
1.56	13.622	0.98308
1.54	13.563	0.94778
1.52	13.508	0.91442
1.5	13.458	0.88144
1.48	13.41	0.84833
1.46	13.365	0.8149
1.44	13.322	0.78108
1.42	13.282	0.74681
1.4	13.245	0.71203
1.38	13.21	0.67676
1.36	13.179	0.64109
1.34	13.155	0.60525
1.32	13.143	0.56914
1.3	13.162	0.52178
1.28	13.213	0.39547
1.26	13.154	0.16988
1.24	12.959	0.033439
1.22	12.789	0.0063738
1.2	12.667	0.0026044
1.18	12.568	0.0011573
1.16	12.481	0.00046689
1.14	12.403	0.00016927
1.12	12.332	5.4928e-005
1.1	12.266	1.5907e-005
1.08	12.204	4.1007e-006
1.06	12.146	0
1.04	12.091	0
1.02	12.039	0
1	11.99	0
0.98	11.943	0
0.96	11.898	0
0.94	11.854	0
0.92	11.813	0
0.9	11.773	0
0.88	11.735	0
0.86	11.699	0
0.84	11.664	0
0.82	11.63	0
0.8	11.597	0
0.78	11.566	0
0.76	11.536	0
0.74	11.507	0
0.72	11.479	0
0.7	11.452	0
0.68	11.427	0
0.66	11.402	0
0.64	11.378	0
0.62	11.355	0
0.6	11.334	0
0.58	11.313	0
0.56	11.292	0
0.54	11.273	0
0.52	11.255	0
0.5	11.237	0
0.48	11.22	0
0.46	11.204	0
0.44	11.189	0
0.42	11.174	0
0.4	11.16	0
0.38	11.147	0
0.36	11.135	0
0.34	11.123	0
0.32	11.113	0
0.3	11.102	0
0.28	11.093	0
0.26	11.084	0
0.24	11.076	0
0.22	11.068	0
0.2	11.061	0

6	-4.35	6.4037
5.98	-4.379	6.4386
5.96	-4.4129	6.4741
5.94	-4.4516	6.5107
5.92	-4.4947	6.5486
5.9	-4.5421	6.5882
5.88	-4.5937	6.6297
5.86	-4.6492	6.6733
5.84	-4.7085	6.7192
5.82	-4.7715	6.7677
5.8	-4.8382	6.819
5.78	-4.9083	6.8733
5.76	-4.9819	6.9308
5.74	-5.0589	6.9917
5.72	-5.1392	7.0563
5.7	-5.2227	7.1247
5.68	-5.3094	7.1973
5.66	-5.3992	7.2742
5.64	-5.4921	7.3557
5.62	-5.5879	7.4421
5.6	-5.6865	7.5335
5.58	-5.788	7.6303
5.56	-5.8922	7.7326
5.54	-5.9991	7.8408
5.52	-6.1087	7.9551
5.5	-6.2208	8.0758
5.48	-6.3354	8.2032
5.46	-6.4526	8.3375
5.44	-6.5723	8.4792
5.42	-6.6945	8.6286
5.4	-6.8193	8.7861
5.38	-6.9467	8.9522
5.36	-7.0768	9.1275
5.34	-7.2097	9.3125
5.32	-7.3455	9.508
5.3	-7.4842	9.7148
5.28	-7.6259	9.934
5.26	-7.7706	10.167
5.24	-7.9183	10.415
5.22	-8.0686	10.679
5.2	-8.2211	10.962
5.18	-8.3751	11.265
5.16	-8.5296	11.592
5.14	-8.6829	11.943
5.12	-8.8331	12.323
5.1	-8.9773	12.733
5.08	-9.1123	13.177
5.06	-9.2337	13.656
5.04	-9.3365	14.172
5.02	-9.4148	14.727
5	-9.462	15.321
4.98	-9.4709	15.953
4.96	-9.4336	16.622
4.94	-9.3421	17.323
4.92	-9.1887	18.052
4.9	-8.966	18.801
4.88	-8.6674	19.561
4.86	-8.2878	20.323
4.84	-7.8239	21.074
4.82	-7.2742	21.802
4.8	-6.6399	22.492
4.78	-5.9249	23.131
4.76	-5.1358	23.706
4.74	-4.2817	24.204
4.72	-3.3745	24.616
4.7	-2.4282	24.933
4.68	-1.4582	25.149
4.66	-0.48116	25.263
4.64	0.48631	25.278
4.62	1.4287	25.198
4.6	2.3332	25.033
4.58	3.1905	24.794
4.56	3.9949	24.492
4.54	4.7432	24.136
4.52	5.4332	23.736
4.5	6.063	23.3
4.48	6.6309	22.835
4.46	7.1367	22.349
4.44	7.5813	21.853
4.42	7.9673	21.353
4.4	8.2983	20.856
4.38	8.579	20.369
4.36	8.8142	19.896
4.34	9.0093	19.44
4.32	9.1695	19.003
4.3	9.2996	18.587
4.28	9.4039	18.191
4.26	9.4865	17.817
4.24	9.5504	17.462
4.22	9.5986	17.127
4.2	9.6333	16.811
4.18	9.6562	16.512
4.16	9.6688	16.229
4.14	9.6724	15.962
4.12	9.6679	15.71
4.1	9.6562	15.473
4.08	9.6381	15.249
4.06	9.6143	15.039
4.04	9.5855	14.842
4.02	9.5525	14.658
4	9.5158	14.487
3.98	9.4763	14.329
3.96	9.4346	14.182
3.94	9.3913	14.047
3.92	9.3472	13.924
3.9	9.3027	13.812
3.88	9.2585	13.71
3.86	9.2151	13.618
3.84	9.1729	13.537
3.82	9.1323	13.464
3.8	9.0937	13.401
3.78	9.0573	13.346
3.76	9.0234	13.299
3.74	8.9921	13.259
3.72	8.9637	13.228
3.7	8.9382	13.203
3.68	8.9157	13.184
3.66	8.8963	13.172
3.64	8.8801	13.167
3.62	8.8671	13.167
3.6	8.8573	13.174
3.58	8.8508	13.187
3.56	8.8477	13.205
3.54	8.8479	13.229
3.52	8.8517	13.259
3.5	8.859	13.295
3.48	8.87	13.338
3.46	8.8849	13.386
3.44	8.9039	13.442
3.42	8.9273	13.504
3.4	8.9553	13.573
3.38	8.9884	13.649
3.36	9.0271	13.734
3.34	9.0718	13.827
3.32	9.1232	13.928
3.3	9.1821	14.039
3.28	9.2494	14.159
3.26	9.326	14.29
3.24	9.4131	14.433
3.22	9.5122	14.588
3.2	9.6252	14.756
3.18	9.7548	14.941
3.16	9.9052	15.142
3.14	10.083	15.364
3.12	10.296	15.604
3.1	10.556	15.861
3.08	10.875	16.126
3.06	11.263	16.383
3.04	11.726	16.613
3.02	12.259	16.791
3	12.847	16.893
2.98	13.466	16.904
2.96	14.085	16.819
2.94	14.674	16.646
2.92	15.208	16.408
2.9	15.674	16.133
2.88	16.071	15.855
2.86	16.416	15.608
2.84	16.738	15.417
2.82	17.085	15.298
2.8	17.517	15.238
2.78	18.097	15.182
2.76	18.852	15.029
2.74	19.734	14.655
2.72	20.608	13.983
2.7	21.311	13.044
2.68	21.74	11.962
2.66	21.891	10.88
2.64	21.832	9.897
2.62	21.648	9.0444
2.6	21.4	8.3114
2.58	21.12	7.6763
2.56	20.824	7.1213
2.54	20.52	6.6339
2.52	20.215	6.2049
2.5	19.913	5.8267
2.48	19.619	5.4925
2.46	19.335	5.1962
2.44	19.062	4.9321
2.42	18.802	4.6954
2.4	18.555	4.4818
2.38	18.32	4.2876
2.36	18.096	4.1096
2.34	17.884	3.9453
2.32	17.681	3.7927
2.3	17.488	3.6503
2.28	17.302	3.517
2.26	17.123	3.392
2.24	16.952	3.2746
2.22	16.786	3.1644
2.2	16.626	3.0608
2.18	16.471	2.9636
2.16	16.322	2.8722
2.14	16.178	2.7863
2.12	16.039	2.7056
2.1	15.905	2.6296
2.08	15.776	2.5581
2.06	15.651	2.4907
2.04	15.531	2.4271
2.02	15.416	2.3671
2	15.304	2.3102
1.98	15.197	2.2564
1.96	15.094	2.2053
1.94	14.995	2.1566
1.92	14.9	2.1101
1.9	14.809	2.0657
1.88	14.722	2.023
1.86	14.638	1.9819
1.84	14.557	1.9423
1.82	14.48	1.9038
1.8	14.406	1.8664
1.78	14.335	1.8299
1.76	14.267	1.7942
1.74	14.202	1.7591
1.72	14.14	1.7245
1.7	14.081	1.6903
1.68	14.024	1.6564
1.66	13.969	1.6227
1.64	13.917	1.5892
1.62	13.867	1.5556
1.6	13.819	1.5221
1.58	13.774	1.4884
1.56	13.731	1.4545
1.54	13.691	1.4203
1.52	13.653	1.3853
1.5	13.62	1.3485
1.48	13.589	1.3074
1.46	13.56	1.2592
1.44	13.525	1.2044
1.42	13.481	1.1483
1.4	13.43	1.0978
1.38	13.378	1.0556
1.36	13.33	1.0195
1.34	13.285	0.98602
1.32	13.245	0.95314
1.3	13.208	0.92002
1.28	13.174	0.88642
1.26	13.141	0.85227
1.24	13.111	0.81754
1.22	13.083	0.78225
1.2	13.058	0.74647
1.18	13.036	0.71032
1.16	13.019	0.67401
1.14	13.012	0.6377
1.12	13.027	0.59852
1.1	13.089	0.51761
1.08	13.12	0.30782
1.06	12.97	0.090545
1.04	12.773	0.01935
1.02	12.633	0.0087318
1	12.527	0.0051399
0.98	12.438	0.0029096
0.96	12.359	0.0015567
0.94	12.288	0.00078506
0.92	12.224	0.00037242
0.9	12.164	0.00016591
0.88	12.109	6.9308e-005
0.86	12.057	2.7118e-005
0.84	12.008	9.9271e-006
0.82	11.962	3.3974e-006
0.8	11.918	1.086e-006
0.78	11.877	0
0.76	11.838	0
0.74	11.8	0
0.72	11.764	0
0.7	11.73	0
0.68	11.698	0
0.66	11.667	0
0.64	11.638	0
0.62	11.609	0
0.6	11.582	0
0.58	11.557	0
0.56	11.532	0
0.54	11.509	0
0.52	11.486	0
0.5	11.465	0
0.48	11.445	0
0.46	11.426	0
0.44	11.407	0
0.42	11.39	0
0.4	11.374	0
0.38	11.358	0
0.36	11.344	0
0.34	11.33	0
0.32	11.317	0
0.3	11.305	0
0.28	11.294	0
0.26	11.284	0
0.24	11.274	0
0.22	11.266	0
0.2	11.258	0

6	-3.9543	6.2197
5.98	-3.9772	6.2459
5.96	-4.0051	6.2728
5.94	-4.0378	6.3007
5.92	-4.0751	6.3298
5.9	-4.1166	6.3604
5.88	-4.1623	6.3928
5.86	-4.2119	6.4272
5.84	-4.2654	6.4637
5.82	-4.3225	6.5027
5.8	-4.3832	6.5443
5.78	-4.4475	6.5887
5.76	-4.5151	6.6361
5.74	-4.5861	6.6867
5.72	-4.6604	6.7408
5.7	-4.7377	6.7986
5.68	-4.8182	6.8603
5.66	-4.9017	6.926
5.64	-4.988	6.9962
5.62	-5.0771	7.0709
5.6	-5.1688	7.1504
5.58	-5.2632	7.2349
5.56	-5.36	7.3246
5.54	-5.4591	7.4199
5.52	-5.5605	7.5207
5.5	-5.664	7.6275
5.48	-5.7696	7.7404
5.46	-5.8772	7.8597
5.44	-5.9867	7.9856
5.42	-6.0981	8.1183
5.4	-6.2114	8.2582
5.38	-6.3265	8.4057
5.36	-6.4434	8.561
5.34	-6.5622	8.7246
5.32	-6.6829	8.8971
5.3	-6.8055	9.079
5.28	-6.93	9.271
5.26	-7.0564	9.4739
5.24	-7.1845	9.6886
5.22	-7.3142	9.9162
5.2	-7.4452	10.158
5.18	-7.5772	10.415
5.16	-7.7094	10.689
5.14	-7.8411	10.982
5.12	-7.9711	11.295
5.1	-8.0977	11.63
5.08	-8.2193	11.99
5.06	-8.3332	12.375
5.04	-8.4366	12.788
5.02	-8.5261	13.23
5	-8.5975	13.702
4.98	-8.6462	14.206
4.96	-8.6672	14.74
4.94	-8.6549	15.304
4.92	-8.6033	15.897
4.9	-8.5065	16.515
4.88	-8.3586	17.155
4.86	-8.1539	17.81
4.84	-7.8874	18.475
4.82	-7.5548	19.142
4.8	-7.1534	19.801
4.78	-6.6815	20.443
4.76	-6.1395	21.057
4.74	-5.5295	21.633
4.72	-4.8557	22.16
4.7	-4.1244	22.627
4.68	-3.3439	23.027
4.66	-2.5242	23.351
4.64	-1.677	23.593
4.62	-0.81472	23.752
4.6	0.049403	23.826
4.58	0.90267	23.817
4.56	1.7336	23.731
4.54	2.5329	23.575
4.52	3.2935	23.356
4.5	4.0108	23.083
4.48	4.6809	22.762
4.46	5.301	22.401
4.44	5.8683	22.006
4.42	6.381	21.584
4.4	6.8383	21.143
4.38	7.2407	20.692
4.36	7.59	20.236
4.34	7.8891	19.783
4.32	8.1417	19.337
4.3	8.3522	18.905
4.28	8.5251	18.488
4.26	8.6652	18.089
4.24	8.7771	17.71
4.22	8.865	17.352
4.2	8.9328	17.015
4.18	8.984	16.697
4.16	9.0214	16.399
4.14	9.0475	16.12
4.12	9.0643	15.857
4.1	9.0733	15.611
4.08	9.0758	15.38
4.06	9.0728	15.162
4.04	9.065	14.958
4.02	9.053	14.766
4	9.0374	14.586
3.98	9.0185	14.417
3.96	8.9969	14.259
3.94	8.9728	14.112
3.92	8.9467	13.975
3.9	8.919	13.847
3.88	8.89	13.73
3.86	8.8601	13.621
3.84	8.8299	13.522
3.82	8.7996	13.432
3.8	8.7696	13.351
3.78	8.7403	13.278
3.76	8.712	13.213
3.74	8.685	13.155
3.72	8.6596	13.106
3.7	8.636	13.064
3.68	8.6144	13.028
3.66	8.5951	13
3.64	8.5781	12.978
3.62	8.5637	12.962
3.6	8.5518	12.952
3.58	8.5428	12.949
3.56	8.5365	12.951
3.54	8.5331	12.959
3.52	8.5328	12.972
3.5	8.5355	12.992
3.48	8.5414	13.017
3.46	8.5506	13.047
3.44	8.5633	13.083
3.42	8.5795	13.126
3.4	8.5995	13.174
3.38	8.6235	13.228
3.36	8.6518	13.289
3.34	8.6846	13.357
3.32	8.7225	13.431
3.3	8.7658	13.513
3.28	8.815	13.603
3.26	8.8708	13.7
3.24	8.9338	13.807
3.22	9.0049	13.922
3.2	9.0851	14.047
3.18	9.1754	14.183
3.16	9.2776	14.33
3.14	9.3936	14.49
3.12	9.5265	14.665
3.1	9.6806	14.855
3.08	9.8616	15.06
3.06	10.077	15.28
3.04	10.335	15.511
3.02	10.644	15.743
3	11.011	15.967
2.98	11.438	16.165
2.96	11.922	16.32
2.94	12.453	16.417
2.92	13.014	16.441
2.9	13.584	16.387
2.88	14.141	16.259
2.86	14.663	16.067
2.84	15.137	15.831
2.82	15.558	15.575
2.8	15.93	15.325
2.78	16.273	15.104
2.76	16.617	14.928
2.74	17.005	14.795
2.72	17.483	14.676
2.7	18.08	14.507
2.68	18.781	14.206
2.66	19.514	13.703
2.64	20.172	12.986
2.62	20.658	12.109
2.6	20.928	11.167
2.58	21	10.253
2.56	20.925	9.4227
2.54	20.759	8.6924
2.52	20.543	8.0545
2.5	20.301	7.4947
2.48	20.045	7.0001
2.46	19.782	6.5614
2.44	19.517	6.171
2.42	19.255	5.8232
2.4	18.997	5.5125
2.38	18.747	5.2341
2.36	18.505	4.9836
2.34	18.273	4.7571
2.32	18.051	4.5512
2.3	17.839	4.3629
2.28	17.636	4.1896
2.26	17.443	4.0292
2.24	17.257	3.8799
2.22	17.079	3.7405
2.2	16.908	3.6098
2.18	16.743	3.4872
2.16	16.584	3.372
2.14	16.43	3.2636
2.12	16.281	3.1617
2.1	16.138	3.0659
2.08	15.999	2.9757
2.06	15.865	2.8909
2.04	15.735	2.8111
2.02	15.61	2.736
2	15.489	2.6652
1.98	15.372	2.5985
1.96	15.259	2.5356
1.94	15.151	2.4762
1.92	15.046	2.4199
1.9	14.946	2.3667
1.88	14.849	2.3162
1.86	14.756	2.2682
1.84	14.667	2.2225
1.82	14.582	2.1788
1.8	14.5	2.137
1.78	14.421	2.0968
1.76	14.346	2.0581
1.74	14.273	2.0207
1.72	14.204	1.9844
1.7	14.138	1.9491
1.68	14.075	1.9147
1.66	14.015	1.881
1.64	13.957	1.8478
1.62	13.902	1.8151
1.6	13.849	1.7828
1.58	13.799	1.7507
1.56	13.751	1.7188
1.54	13.706	1.687
1.52	13.663	1.6552
1.5	13.621	1.6233
1.48	13.582	1.5913
1.46	13.545	1.5591
1.44	13.51	1.5266
1.42	13.478	1.4937
1.4	13.447	1.4602
1.38	13.421	1.4256
1.36	13.397	1.3883
1.34	13.377	1.3454
1.32	13.355	1.2947
1.3	13.326	1.2382
1.28	13.288	1.1826
1.26	13.244	1.1343
1.24	13.2	1.094
1.22	13.16	1.0587
1.2	13.125	1.0252
1.18	13.093	0.99178
1.16	13.064	0.95789
1.14	13.037	0.92341
1.12	13.012	0.8883
1.1	12.989	0.85258
1.08	12.969	0.8163
1.06	12.951	0.77958
1.04	12.937	0.74257
1.02	12.93	0.70546
1	12.934	0.66831
0.98	12.967	0.62532
0.96	13.048	0.51964
0.94	13.058	0.27525
0.92	12.879	0.073188
0.9	12.689	0.019948
0.88	12.559	0.011313
0.86	12.458	0.0072054
0.84	12.374	0.0044211
0.82	12.299	0.0025964
0.8	12.232	0.0014567
0.78	12.171	0.00077949
0.76	12.115	0.00039734
0.74	12.063	0.00019273
0.72	12.015	8.8864e-005
0.7	11.97	3.8918e-005
0.68	11.928	1.6177e-005
0.66	11.888	6.3782e-006
0.64	11.85	2.3839e-006
0.62	11.815	0
0.6	11.781	0
0.58	11.75	0
0.56	11.719	0
0.54	11.691	0
0.52	11.664	0
0.5	11.638	0
0.48	11.614	0
0.46	11.591	0
0.44	11.569	0
0.42	11.549	0
0.4	11.53	0
0.38	11.511	0
0.36	11.494	0
0.34	11.478	0
0.32	11.463	0
0.3	11.449	0
0.28	11.436	0
0.26	11.424	0
0.24	11.413	0
0.22	11.403	0
0.2	11.394	0

6	-3.3279	5.9415
5.98	-3.3397	5.9553
5.96	-3.3566	5.9694
5.94	-3.3783	5.9841
5.92	-3.4046	5.9999
5.9	-3.4353	6.0168
5.88	-3.4702	6.0352
5.86	-3.509	6.0551
5.84	-3.5518	6.077
5.82	-3.5983	6.1008
5.8	-3.6485	6.1269
5.78	-3.7022	6.1554
5.76	-3.7594	6.1865
5.74	-3.82	6.2205
5.72	-3.8839	6.2575
5.7	-3.951	6.2979
5.68	-4.0212	6.3418
5.66	-4.0944	6.3894
5.64	-4.1703	6.4411
5.62	-4.249	6.497
5.6	-4.3301	6.5573
5.58	-4.4136	6.6223
5.56	-4.4991	6.6921
5.54	-4.5865	6.7669
5.52	-4.6757	6.8468
5.5	-4.7664	6.9319
5.48	-4.8583	7.0225
5.46	-4.9515	7.1184
5.44	-5.0456	7.2198
5.42	-5.1407	7.3267
5.4	-5.2365	7.4393
5.38	-5.3331	7.5575
5.36	-5.4306	7.6814
5.34	-5.5289	7.8112
5.32	-5.6281	7.947
5.3	-5.7283	8.0891
5.28	-5.8297	8.2377
5.26	-5.9325	8.3933
5.24	-6.0367	8.5565
5.22	-6.1425	8.7275
5.2	-6.25	8.9074
5.18	-6.3593	9.0969
5.16	-6.4702	9.2969
5.14	-6.5825	9.5087
5.12	-6.6961	9.7333
5.1	-6.8103	9.9721
5.08	-6.9245	10.227
5.06	-7.0377	10.498
5.04	-7.1486	10.789
5.02	-7.2558	11.099
5	-7.3571	11.432
4.98	-7.4503	11.788
4.96	-7.5326	12.169
4.94	-7.6007	12.575
4.92	-7.651	13.008
4.9	-7.6792	13.468
4.88	-7.6809	13.954
4.86	-7.6513	14.465
4.84	-7.5853	14.999
4.82	-7.478	15.554
4.8	-7.3244	16.125
4.78	-7.1199	16.707
4.76	-6.8606	17.295
4.74	-6.5433	17.881
4.72	-6.1659	18.458
4.7	-5.7276	19.016
4.68	-5.2292	19.548
4.66	-4.6729	20.044
4.64	-4.063	20.494
4.62	-3.4052	20.891
4.6	-2.707	21.227
4.58	-1.9773	21.496
4.56	-1.2262	21.694
4.54	-0.46457	21.819
4.52	0.29636	21.87
4.5	1.0459	21.85
4.48	1.7743	21.764
4.46	2.4738	21.617
4.44	3.1382	21.416
4.42	3.7633	21.169
4.4	4.3461	20.882
4.38	4.884	20.56
4.36	5.3752	20.211
4.34	5.8186	19.841
4.32	6.2139	19.456
4.3	6.5617	19.063
4.28	6.8638	18.667
4.26	7.1227	18.275
4.24	7.3419	17.889
4.22	7.525	17.516
4.2	7.676	17.157
4.18	7.799	16.814
4.16	7.898	16.488
4.14	7.9766	16.18
4.12	8.0381	15.891
4.1	8.0856	15.619
4.08	8.1215	15.364
4.06	8.1478	15.124
4.04	8.1663	14.9
4.02	8.1783	14.69
4	8.1847	14.492
3.98	8.1865	14.306
3.96	8.1842	14.132
3.94	8.1782	13.968
3.92	8.1691	13.815
3.9	8.157	13.671
3.88	8.1424	13.536
3.86	8.1256	13.411
3.84	8.1068	13.294
3.82	8.0864	13.186
3.8	8.0647	13.087
3.78	8.0421	12.996
3.76	8.0189	12.913
3.74	7.9954	12.838
3.72	7.9721	12.77
3.7	7.9492	12.711
3.68	7.9271	12.658
3.66	7.906	12.613
3.64	7.8862	12.575
3.62	7.868	12.543
3.6	7.8515	12.518
3.58	7.837	12.499
3.56	7.8245	12.487
3.54	7.8144	12.48
3.52	7.8066	12.479
3.5	7.8013	12.483
3.48	7.7986	12.493
3.46	7.7986	12.508
3.44	7.8014	12.529
3.42	7.807	12.555
3.4	7.8157	12.586
3.38	7.8275	12.623
3.36	7.8425	12.665
3.34	7.861	12.713
3.32	7.883	12.766
3.3	7.9088	12.825
3.28	7.9387	12.89
3.26	7.9729	12.962
3.24	8.0119	13.04
3.22	8.0559	13.124
3.2	8.1056	13.216
3.18	8.1614	13.316
3.16	8.2239	13.424
3.14	8.294	13.54
3.12	8.3725	13.665
3.1	8.4604	13.8
3.08	8.5594	13.946
3.06	8.6714	14.104
3.04	8.7991	14.276
3.02	8.9464	14.461
3	9.1183	14.66
2.98	9.3208	14.872
2.96	9.5609	15.093
2.94	9.8456	15.318
2.92	10.181	15.536
2.9	10.569	15.736
2.88	11.01	15.904
2.86	11.496	16.025
2.84	12.017	16.086
2.82	12.557	16.082
2.8	13.097	16.009
2.78	13.619	15.873
2.76	14.11	15.685
2.74	14.558	15.464
2.72	14.964	15.229
2.7	15.335	15
2.68	15.69	14.794
2.66	16.058	14.618
2.64	16.473	14.459
2.62	16.962	14.283
2.6	17.534	14.036
2.58	18.156	13.66
2.56	18.762	13.12
2.54	19.274	12.431
2.52	19.638	11.644
2.5	19.835	10.828
2.48	19.883	10.045
2.46	19.822	9.3296
2.44	19.691	8.6922
2.42	19.52	8.1272
2.4	19.326	7.6244
2.38	19.119	7.1746
2.36	18.903	6.7706
2.34	18.685	6.4068
2.32	18.466	6.0786
2.3	18.249	5.7819
2.28	18.037	5.5131
2.26	17.83	5.2689
2.24	17.63	5.0461
2.22	17.436	4.842
2.2	17.25	4.6543
2.18	17.071	4.4807
2.16	16.9	4.3196
2.14	16.734	4.1693
2.12	16.575	4.0286
2.1	16.422	3.8965
2.08	16.274	3.7723
2.06	16.13	3.6552
2.04	15.992	3.5449
2.02	15.858	3.4408
2	15.728	3.3426
1.98	15.602	3.25
1.96	15.48	3.1627
1.94	15.361	3.0802
1.92	15.247	3.0025
1.9	15.137	2.929
1.88	15.03	2.8597
1.86	14.927	2.7942
1.84	14.827	2.7322
1.82	14.731	2.6736
1.8	14.638	2.618
1.78	14.549	2.5654
1.76	14.464	2.5153
1.74	14.382	2.4677
1.72	14.303	2.4223
1.7	14.227	2.379
1.68	14.154	2.3375
1.66	14.085	2.2977
1.64	14.018	2.2593
1.62	13.954	2.2223
1.6	13.894	2.1865
1.58	13.836	2.1518
1.56	13.781	2.1179
1.54	13.728	2.0848
1.52	13.678	2.0524
1.5	13.63	2.0205
1.48	13.585	1.989
1.46	13.542	1.9579
1.44	13.502	1.927
1.42	13.463	1.8962
1.4	13.427	1.8656
1.38	13.392	1.8349
1.36	13.36	1.8041
1.34	13.329	1.7733
1.32	13.3	1.7422
1.3	13.274	1.7108
1.28	13.249	1.6791
1.26	13.225	1.647
1.24	13.204	1.6144
1.22	13.185	1.5812
1.2	13.168	1.5473
1.18	13.155	1.5116
1.16	13.146	1.4719
1.14	13.138	1.425
1.12	13.127	1.3696
1.1	13.106	1.3099
1.08	13.075	1.2537
1.06	13.04	1.2061
1.04	13.006	1.1662
1.02	12.977	1.1304
1	12.953	1.0955
0.98	12.931	1.0604
0.96	12.913	1.0247
0.94	12.896	0.98827
0.92	12.881	0.95119
0.9	12.868	0.91348
0.88	12.857	0.87523
0.86	12.849	0.83657
0.84	12.845	0.79769
0.82	12.849	0.75878
0.8	12.865	0.71984
0.78	12.916	0.67314
0.76	13.018	0.54979
0.74	13.025	0.27753
0.72	12.832	0.07256
0.7	12.642	0.023238
0.68	12.515	0.014432
0.66	12.418	0.0095887
0.64	12.337	0.0061611
0.62	12.267	0.0038133
0.6	12.204	0.0022701
0.58	12.147	0.0012982
0.56	12.096	0.0007124
0.54	12.049	0.00037476
0.52	12.006	0.00018884
0.5	11.966	9.1076e-005
0.48	11.929	4.1982e-005
0.46	11.895	1.8531e-005
0.44	11.863	7.8094e-006
0.42	11.834	3.1431e-006
0.4	11.806	1.1748e-006
0.38	11.78	0
0.36	11.756	0
0.34	11.734	0
0.32	11.713	0
0.3	11.694	0
0.28	11.676	0
0.26	11.66	0
0.24	11.645	0
0.22	11.632	0
0.2	11.619	0

6	-2.8043	5.7107
5.98	-2.8039	5.7147
5.96	-2.8086	5.7187
5.94	-2.8184	5.7229
5.92	-2.8328	5.7277
5.9	-2.8516	5.7332
5.88	-2.8747	5.7398
5.86	-2.902	5.7476
5.84	-2.9332	5.7567
5.82	-2.9683	5.7674
5.8	-3.0072	5.7798
5.78	-3.0499	5.7942
5.76	-3.0963	5.8107
5.74	-3.1463	5.8295
5.72	-3.1999	5.8509
5.7	-3.2571	5.8752
5.68	-3.3177	5.9027
5.66	-3.3817	5.9337
5.64	-3.4489	5.9684
5.62	-3.5192	6.0072
5.6	-3.5922	6.0505
5.58	-3.6678	6.0985
5.56	-3.7456	6.1515
5.54	-3.8252	6.2098
5.52	-3.9063	6.2735
5.5	-3.9884	6.3428
5.48	-4.0709	6.4176
5.46	-4.1536	6.4979
5.44	-4.2359	6.5836
5.42	-4.3176	6.6745
5.4	-4.3982	6.7702
5.38	-4.4778	6.8704
5.36	-4.556	6.9747
5.34	-4.6331	7.0827
5.32	-4.7093	7.1941
5.3	-4.7848	7.3085
5.28	-4.86	7.4258
5.26	-4.9356	7.5459
5.24	-5.0121	7.669
5.22	-5.09	7.7952
5.2	-5.1702	7.9249
5.18	-5.253	8.0588
5.16	-5.3391	8.1977
5.14	-5.4289	8.3425
5.12	-5.5227	8.4941
5.1	-5.6206	8.6539
5.08	-5.7226	8.823
5.06	-5.8287	9.003
5.04	-5.9386	9.1951
5.02	-6.0517	9.4011
5	-6.1675	9.6226
4.98	-6.285	9.8613
4.96	-6.403	10.119
4.94	-6.5201	10.398
4.92	-6.6344	10.7
4.9	-6.7436	11.027
4.88	-6.8447	11.381
4.86	-6.9342	11.763
4.84	-7.008	12.176
4.82	-7.0612	12.619
4.8	-7.0884	13.094
4.78	-7.0835	13.6
4.76	-7.04	14.134
4.74	-6.9514	14.693
4.72	-6.811	15.273
4.7	-6.613	15.868
4.68	-6.352	16.469
4.66	-6.0243	17.067
4.64	-5.6275	17.652
4.62	-5.1616	18.214
4.6	-4.6284	18.739
4.58	-4.0326	19.216
4.56	-3.3811	19.636
4.54	-2.6831	19.989
4.52	-1.95	20.266
4.5	-1.1943	20.464
4.48	-0.42975	20.58
4.46	0.32998	20.615
4.44	1.0721	20.574
4.42	1.7857	20.463
4.4	2.4623	20.291
4.38	3.0963	20.068
4.36	3.6843	19.801
4.34	4.2246	19.499
4.32	4.7164	19.17
4.3	5.1595	18.82
4.28	5.5547	18.457
4.26	5.9036	18.085
4.24	6.2085	17.712
4.22	6.4728	17.342
4.2	6.6998	16.978
4.18	6.8934	16.623
4.16	7.0573	16.28
4.14	7.1949	15.949
4.12	7.3095	15.633
4.1	7.4038	15.329
4.08	7.4803	15.04
4.06	7.5409	14.764
4.04	7.5875	14.502
4.02	7.6213	14.252
4	7.6436	14.015
3.98	7.6555	13.79
3.96	7.6579	13.578
3.94	7.6518	13.378
3.92	7.638	13.191
3.9	7.6175	13.015
3.88	7.5911	12.852
3.86	7.5597	12.7
3.84	7.5242	12.561
3.82	7.4855	12.433
3.8	7.4443	12.316
3.78	7.4014	12.211
3.76	7.3576	12.116
3.74	7.3134	12.031
3.72	7.2694	11.956
3.7	7.2262	11.89
3.68	7.1842	11.833
3.66	7.1437	11.785
3.64	7.1051	11.744
3.62	7.0686	11.711
3.6	7.0344	11.685
3.58	7.0027	11.666
3.56	6.9735	11.653
3.54	6.947	11.646
3.52	6.9231	11.645
3.5	6.902	11.649
3.48	6.8837	11.659
3.46	6.868	11.674
3.44	6.8552	11.694
3.42	6.8451	11.719
3.4	6.8378	11.749
3.38	6.8333	11.783
3.36	6.8317	11.823
3.34	6.8329	11.867
3.32	6.8371	11.917
3.3	6.8443	11.971
3.28	6.8546	12.031
3.26	6.8682	12.096
3.24	6.8853	12.167
3.22	6.906	12.244
3.2	6.9306	12.326
3.18	6.9594	12.415
3.16	6.9928	12.511
3.14	7.0311	12.614
3.12	7.0748	12.725
3.1	7.1246	12.843
3.08	7.1809	12.97
3.06	7.2446	13.106
3.04	7.3165	13.252
3.02	7.3977	13.409
3	7.4896	13.578
2.98	7.5944	13.761
2.96	7.7151	13.959
2.94	7.8562	14.174
2.92	8.0239	14.407
2.9	8.2259	14.656
2.88	8.4712	14.917
2.86	8.7688	15.183
2.84	9.1256	15.44
2.82	9.544	15.672
2.8	10.021	15.863
2.78	10.545	15.993
2.76	11.099	16.053
2.74	11.663	16.035
2.72	12.214	15.944
2.7	12.732	15.79
2.68	13.205	15.594
2.66	13.627	15.376
2.64	14.004	15.162
2.62	14.353	14.971
2.6	14.701	14.817
2.58	15.083	14.698
2.56	15.538	14.589
2.54	16.088	14.44
2.52	16.723	14.184
2.5	17.388	13.766
2.48	17.997	13.171
2.46	18.475	12.44
2.44	18.781	11.644
2.42	18.922	10.857
2.4	18.934	10.127
2.38	18.864	9.4742
2.36	18.744	8.8945
2.34	18.597	8.3774
2.32	18.432	7.9128
2.3	18.255	7.4931
2.28	18.072	7.113
2.26	17.885	6.7682
2.24	17.696	6.455
2.22	17.509	6.1701
2.2	17.325	5.9104
2.18	17.145	5.673
2.16	16.971	5.4554
2.14	16.802	5.2552
2.12	16.639	5.0702
2.1	16.482	4.8986
2.08	16.331	4.7387
2.06	16.186	4.5891
2.04	16.046	4.4486
2.02	15.912	4.3162
2	15.782	4.1911
1.98	15.656	4.0728
1.96	15.535	3.9606
1.94	15.417	3.8543
1.92	15.303	3.7534
1.9	15.192	3.6577
1.88	15.085	3.5669
1.86	14.981	3.4808
1.84	14.88	3.3991
1.82	14.782	3.3216
1.8	14.687	3.248
1.78	14.596	3.1781
1.76	14.507	3.1117
1.74	14.422	3.0486
1.72	14.339	2.9885
1.7	14.259	2.9314
1.68	14.183	2.8769
1.66	14.109	2.825
1.64	14.038	2.7754
1.62	13.97	2.7279
1.6	13.905	2.6825
1.58	13.842	2.6389
1.56	13.782	2.5969
1.54	13.725	2.5565
1.52	13.67	2.5175
1.5	13.618	2.4798
1.48	13.569	2.4431
1.46	13.521	2.4075
1.44	13.476	2.3728
1.42	13.434	2.3388
1.4	13.394	2.3055
1.38	13.355	2.2727
1.36	13.319	2.2404
1.34	13.285	2.2085
1.32	13.254	2.1769
1.3	13.223	2.1455
1.28	13.195	2.1142
1.26	13.169	2.0829
1.24	13.144	2.0517
1.22	13.122	2.0204
1.2	13.1	1.989
1.18	13.081	1.9575
1.16	13.063	1.9257
1.14	13.046	1.8936
1.12	13.031	1.8611
1.1	13.018	1.8283
1.08	13.006	1.795
1.06	12.996	1.7613
1.04	12.988	1.7269
1.02	12.982	1.6919
1	12.979	1.6557
0.98	12.98	1.617
0.96	12.984	1.5728
0.94	12.988	1.5196
0.92	12.985	1.4575
0.9	12.971	1.393
0.88	12.947	1.335
0.86	12.919	1.2869
0.84	12.895	1.2462
0.82	12.877	1.2088
0.8	12.862	1.172
0.78	12.85	1.1348
0.76	12.841	1.0969
0.74	12.833	1.0582
0.72	12.828	1.0188
0.7	12.824	0.97869
0.68	12.823	0.93798
0.66	12.824	0.89682
0.64	12.83	0.85544
0.62	12.842	0.81411
0.6	12.868	0.77297
0.58	12.928	0.72603
0.56	13.046	0.60782
0.54	13.085	0.32218
0.52	12.897	0.084308
0.5	12.696	0.023291
0.48	12.565	0.013402
0.46	12.469	0.0085191
0.44	12.39	0.0052067
0.42	12.323	0.0030428
0.4	12.265	0.0016974
0.38	12.214	0.0009025
0.36	12.169	0.00045676
0.34	12.128	0.0002198
0.32	12.092	0.00010047
0.3	12.059	4.3589e-005
0.28	12.029	1.7935e-005
0.26	12.002	6.9944e-006
0.24	11.978	2.5837e-006
0.22	11.957	0
0.2	11.937	0

6	-2.7481	5.6169
5.98	-2.7412	5.6166
5.96	-2.7399	5.6161
5.94	-2.7438	5.6157
5.92	-2.7528	5.6157
5.9	-2.7664	5.6163
5.88	-2.7846	5.6178
5.86	-2.8071	5.6203
5.84	-2.8338	5.6239
5.82	-2.8647	5.6289
5.8	-2.8997	5.6353
5.78	-2.9386	5.6434
5.76	-2.9816	5.6533
5.74	-3.0285	5.6651
5.72	-3.0796	5.6791
5.7	-3.1347	5.6956
5.68	-3.1939	5.7147
5.66	-3.2574	5.7369
5.64	-3.3251	5.7626
5.62	-3.3971	5.7922
5.6	-3.4733	5.8263
5.58	-3.5535	5.8654
5.56	-3.6376	5.9103
5.54	-3.7251	5.9615
5.52	-3.8155	6.0198
5.5	-3.908	6.0857
5.48	-4.0018	6.1597
5.46	-4.0957	6.2422
5.44	-4.1885	6.333
5.42	-4.2791	6.4321
5.4	-4.3663	6.5387
5.38	-4.4489	6.652
5.36	-4.5261	6.7706
5.34	-4.5977	6.8932
5.32	-4.6634	7.0181
5.3	-4.7239	7.1438
5.28	-4.7801	7.2686
5.26	-4.8334	7.3915
5.24	-4.8857	7.5116
5.22	-4.9388	7.6288
5.2	-4.9949	7.7432
5.18	-5.056	7.8557
5.16	-5.1239	7.9678
5.14	-5.2001	8.0811
5.12	-5.2855	8.1976
5.1	-5.3808	8.3197
5.08	-5.4862	8.4494
5.06	-5.6015	8.5889
5.04	-5.7263	8.7401
5.02	-5.8604	8.9047
5	-6.0032	9.0847
4.98	-6.1547	9.2816
4.96	-6.3148	9.4977
4.94	-6.4837	9.7357
4.92	-6.6615	9.999
4.9	-6.8477	10.292
4.88	-7.041	10.621
4.86	-7.2382	10.993
4.84	-7.4338	11.415
4.82	-7.6191	11.895
4.8	-7.7816	12.438
4.78	-7.9059	13.048
4.76	-7.9739	13.722
4.74	-7.9668	14.452
4.72	-7.868	15.225
4.7	-7.6656	16.018
4.68	-7.3555	16.807
4.66	-6.943	17.569
4.64	-6.4418	18.283
4.62	-5.8717	18.938
4.6	-5.2527	19.534
4.58	-4.5988	20.081
4.56	-3.9128	20.593
4.54	-3.1838	21.084
4.52	-2.3905	21.556
4.5	-1.5085	21.993
4.48	-0.52089	22.363
4.46	0.57289	22.622
4.44	1.7503	22.724
4.42	2.9662	22.632
4.4	4.1602	22.331
4.38	5.2696	21.834
4.36	6.243	21.176
4.34	7.0488	20.408
4.32	7.6779	19.586
4.3	8.14	18.755
4.28	8.4576	17.953
4.26	8.6583	17.203
4.24	8.7697	16.515
4.22	8.8157	15.892
4.2	8.8153	15.331
4.18	8.7825	14.826
4.16	8.7271	14.372
4.14	8.6559	13.962
4.12	8.5732	13.59
4.1	8.4824	13.253
4.08	8.3855	12.946
4.06	8.2843	12.667
4.04	8.18	12.413
4.02	8.0738	12.182
4	7.9668	11.973
3.98	7.8596	11.783
3.96	7.7531	11.612
3.94	7.648	11.458
3.92	7.5449	11.319
3.9	7.4442	11.195
3.88	7.3464	11.085
3.86	7.2519	10.987
3.84	7.1608	10.901
3.82	7.0735	10.825
3.8	6.9901	10.76
3.78	6.9106	10.703
3.76	6.8352	10.655
3.74	6.7638	10.614
3.72	6.6963	10.581
3.7	6.6328	10.554
3.68	6.573	10.533
3.66	6.5168	10.517
3.64	6.4641	10.507
3.62	6.4146	10.501
3.6	6.3683	10.501
3.58	6.3249	10.504
3.56	6.2841	10.512
3.54	6.246	10.524
3.52	6.2102	10.54
3.5	6.1766	10.56
3.48	6.1451	10.584
3.46	6.1156	10.613
3.44	6.088	10.645
3.42	6.0623	10.682
3.4	6.0384	10.724
3.38	6.0164	10.77
3.36	5.9965	10.821
3.34	5.9785	10.877
3.32	5.9629	10.939
3.3	5.9496	11.006
3.28	5.9389	11.079
3.26	5.931	11.158
3.24	5.9263	11.243
3.22	5.925	11.335
3.2	5.9274	11.433
3.18	5.934	11.539
3.16	5.9452	11.652
3.14	5.9614	11.772
3.12	5.9832	11.9
3.1	6.011	12.036
3.08	6.0454	12.181
3.06	6.0871	12.334
3.04	6.1366	12.496
3.02	6.1946	12.669
3	6.2615	12.851
2.98	6.3377	13.044
2.96	6.4235	13.251
2.94	6.5193	13.473
2.92	6.6271	13.718
2.9	6.7532	13.994
2.88	6.9116	14.308
2.86	7.1257	14.663
2.84	7.4253	15.046
2.82	7.8347	15.424
2.8	8.3587	15.749
2.78	8.9729	15.97
2.76	9.6277	16.058
2.74	10.265	16.014
2.72	10.837	15.865
2.7	11.32	15.657
2.68	11.714	15.434
2.66	12.033	15.231
2.64	12.3	15.073
2.62	12.542	14.976
2.6	12.789	14.95
2.58	13.081	15.002
2.56	13.47	15.125
2.54	14.023	15.275
2.52	14.789	15.352
2.5	15.741	15.211
2.48	16.737	14.736
2.46	17.576	13.939
2.44	18.122	12.966
2.42	18.373	11.995
2.4	18.422	11.132
2.38	18.369	10.393
2.36	18.268	9.7531
2.34	18.141	9.1855
2.32	17.994	8.6749
2.3	17.832	8.2135
2.28	17.658	7.7962
2.26	17.478	7.4189
2.24	17.295	7.0777
2.22	17.11	6.769
2.2	16.928	6.4894
2.18	16.749	6.2358
2.16	16.574	6.0053
2.14	16.406	5.7951
2.12	16.245	5.6028
2.1	16.09	5.426
2.08	15.942	5.2627
2.06	15.802	5.1112
2.04	15.668	4.9697
2.02	15.541	4.8369
2	15.419	4.7116
1.98	15.303	4.5929
1.96	15.192	4.4801
1.94	15.085	4.3724
1.92	14.983	4.2697
1.9	14.883	4.1714
1.88	14.788	4.0775
1.86	14.695	3.9876
1.84	14.605	3.9016
1.82	14.518	3.8194
1.8	14.434	3.7407
1.78	14.353	3.6653
1.76	14.274	3.5932
1.74	14.198	3.5241
1.72	14.124	3.458
1.7	14.053	3.3946
1.68	13.984	3.3337
1.66	13.917	3.2754
1.64	13.853	3.2194
1.62	13.792	3.1655
1.6	13.732	3.1138
1.58	13.675	3.0639
1.56	13.62	3.0159
1.54	13.567	2.9696
1.52	13.517	2.9249
1.5	13.469	2.8816
1.48	13.422	2.8397
1.46	13.378	2.7991
1.44	13.336	2.7596
1.42	13.296	2.7212
1.4	13.258	2.6838
1.38	13.221	2.6472
1.36	13.187	2.6115
1.34	13.155	2.5764
1.32	13.124	2.542
1.3	13.095	2.5081
1.28	13.068	2.4746
1.26	13.043	2.4416
1.24	13.019	2.4089
1.22	12.997	2.3765
1.2	12.977	2.3443
1.18	12.958	2.3123
1.16	12.941	2.2803
1.14	12.925	2.2484
1.12	12.91	2.2165
1.1	12.897	2.1846
1.08	12.886	2.1526
1.06	12.875	2.1204
1.04	12.866	2.0881
1.02	12.859	2.0556
1	12.852	2.0228
0.98	12.847	1.9897
0.96	12.844	1.9563
0.94	12.841	1.9224
0.92	12.84	1.8882
0.9	12.841	1.8534
0.88	12.843	1.8181
0.86	12.848	1.7821
0.84	12.855	1.7451
0.82	12.866	1.7057
0.8	12.882	1.6608
0.78	12.898	1.606
0.76	12.908	1.5404
0.74	12.904	1.4704
0.72	12.888	1.4063
0.7	12.866	1.3539
0.68	12.847	1.3111
0.66	12.834	1.273
0.64	12.826	1.2361
0.62	12.822	1.199
0.6	12.82	1.1613
0.58	12.82	1.1229
0.56	12.823	1.0838
0.54	12.828	1.0439
0.52	12.835	1.0032
0.5	12.845	0.96167
0.48	12.858	0.91938
0.46	12.877	0.87653
0.44	12.903	0.83347
0.42	12.947	0.79039
0.4	13.035	0.73431
0.38	13.178	0.5666
0.36	13.164	0.23991
0.34	12.941	0.043707
0.32	12.759	0.0081083
0.3	12.644	0.0033503
0.28	12.56	0.0014544
0.26	12.493	0.00056859
0.24	12.437	0.0001986
0.22	12.391	6.1741e-005
0.2	12.352	1.7031e-005
