3.050000000000000000e+02 2.908694927494940430e+01
3.100000000000000000e+02 2.303174065666903303e+01
3.150000000000000000e+02 3.955138398700544400e+01
3.200000000000000000e+02 3.336606511047234136e+01
3.250000000000000000e+02 2.785042857966488938e+01
3.300000000000000000e+02 2.337300337145663676e+01
3.350000000000000000e+02 1.923154580831909044e+01
3.400000000000000000e+02 2.421027158846043292e+01
3.450000000000000000e+02 2.725019927522591345e+01
3.500000000000000000e+02 2.305864341727055589e+01
3.550000000000000000e+02 2.448666970579567703e+01
3.600000000000000000e+02 2.525264578227259094e+01
3.650000000000000000e+02 2.164962577763523655e+01
3.700000000000000000e+02 2.174741821987451118e+01
3.750000000000000000e+02 2.124815067538472491e+01
3.800000000000000000e+02 2.040179905561852536e+01
3.850000000000000000e+02 1.973449665840622202e+01
3.900000000000000000e+02 2.084520966545095533e+01
3.950000000000000000e+02 2.004854213273210917e+01
4.000000000000000000e+02 2.228992131400840648e+01
4.050000000000000000e+02 2.383934861949061457e+01
4.100000000000000000e+02 2.441772217617911522e+01
4.150000000000000000e+02 2.668280894271742909e+01
4.200000000000000000e+02 2.749606846450164355e+01
4.250000000000000000e+02 2.982192833607720672e+01
4.300000000000000000e+02 3.123515714880193173e+01
4.350000000000000000e+02 3.304405090141134593e+01
4.400000000000000000e+02 3.483305195067355697e+01
4.450000000000000000e+02 3.604850029621456287e+01
4.500000000000000000e+02 3.748734978596809952e+01
4.550000000000000000e+02 3.880155388973143715e+01
4.600000000000000000e+02 4.014313074795063585e+01
4.650000000000000000e+02 4.180295045788467689e+01
4.700000000000000000e+02 4.271515558809173285e+01
4.750000000000000000e+02 4.397024788450406874e+01
4.800000000000000000e+02 4.508159157362648273e+01
4.850000000000000000e+02 4.642389843878258660e+01
4.900000000000000000e+02 4.704642787487179589e+01
4.950000000000000000e+02 4.801657793748817937e+01
5.000000000000000000e+02 4.859298850362252864e+01
5.050000000000000000e+02 4.916071769469644437e+01
5.100000000000000000e+02 4.976620749948819622e+01
5.150000000000000000e+02 5.026736176230461695e+01
5.200000000000000000e+02 5.048909643883071396e+01
5.250000000000000000e+02 5.088933178642925981e+01
5.300000000000000000e+02 5.128263338714830155e+01
5.350000000000000000e+02 5.155047451616784571e+01
5.400000000000000000e+02 5.184891079103957168e+01
5.450000000000000000e+02 5.213758702787451682e+01
5.500000000000000000e+02 5.237672944501125727e+01
5.550000000000000000e+02 5.264248820689949326e+01
5.600000000000000000e+02 5.284746105262151872e+01
5.650000000000000000e+02 5.298139991627142109e+01
5.700000000000000000e+02 5.337807089969645347e+01
5.750000000000000000e+02 5.354171427216910217e+01
5.800000000000000000e+02 5.366314662253456191e+01
5.850000000000000000e+02 5.387085228885628396e+01
5.900000000000000000e+02 5.401024576274468814e+01
5.950000000000000000e+02 5.423618282106180999e+01
6.000000000000000000e+02 5.437176547244939684e+01
6.050000000000000000e+02 5.451384799806114501e+01
6.100000000000000000e+02 5.461061191205089216e+01
6.150000000000000000e+02 5.476247113423806212e+01
6.200000000000000000e+02 5.488040858623234186e+01
6.250000000000000000e+02 5.512520825060835250e+01
6.300000000000000000e+02 5.522275159195439187e+01
6.350000000000000000e+02 5.543874272774787215e+01
6.400000000000000000e+02 5.559922277701667070e+01
6.450000000000000000e+02 5.564827802330289330e+01
6.500000000000000000e+02 5.577976124426064786e+01
6.550000000000000000e+02 5.586251318683825673e+01
6.600000000000000000e+02 5.599435791861780132e+01
6.650000000000000000e+02 5.613949668014777217e+01
6.700000000000000000e+02 5.629994914304324283e+01
6.750000000000000000e+02 5.635778505179967368e+01
6.800000000000000000e+02 5.645514795122198848e+01
6.850000000000000000e+02 5.655763130366839420e+01
6.900000000000000000e+02 5.672577469681652929e+01
6.950000000000000000e+02 5.688556165924190111e+01
7.000000000000000000e+02 5.699376830247631176e+01
7.050000000000000000e+02 5.701939595813092154e+01
7.100000000000000000e+02 5.690073931538319130e+01
7.150000000000000000e+02 5.706129572680889339e+01
7.200000000000000000e+02 5.707354082968053177e+01
7.250000000000000000e+02 5.727753707012352180e+01
7.300000000000000000e+02 5.733452856433064682e+01
7.350000000000000000e+02 5.743171643857382946e+01
7.400000000000000000e+02 5.746866307706628874e+01
7.450000000000000000e+02 5.749585203303596614e+01
7.500000000000000000e+02 5.759205445351374664e+01
7.550000000000000000e+02 5.762441950529849777e+01
7.600000000000000000e+02 5.763862468960979868e+01
7.650000000000000000e+02 5.774284239367153759e+01
7.700000000000000000e+02 5.782085910948625695e+01
7.750000000000000000e+02 5.789654567671283303e+01
7.800000000000000000e+02 5.791485450324026374e+01
7.850000000000000000e+02 5.796660677657963134e+01
7.900000000000000000e+02 5.809851363857504936e+01
7.950000000000000000e+02 5.820250152681559541e+01
8.000000000000000000e+02 5.820541867359960264e+01
8.050000000000000000e+02 5.836855592566298867e+01
8.100000000000000000e+02 5.851899607798293346e+01
8.150000000000000000e+02 5.860357724532512691e+01
8.200000000000000000e+02 5.866766970817407412e+01
8.250000000000000000e+02 5.873835571162886993e+01
8.300000000000000000e+02 5.895768111171475567e+01
8.350000000000000000e+02 5.917671118448496514e+01
8.400000000000000000e+02 5.932709076239677159e+01
8.450000000000000000e+02 5.932557193880944624e+01
8.500000000000000000e+02 5.937781319456094309e+01
8.550000000000000000e+02 5.958891739647024366e+01
8.600000000000000000e+02 5.982216932118247144e+01
8.650000000000000000e+02 5.996040313764099494e+01
8.700000000000000000e+02 6.017959558971219280e+01
8.750000000000000000e+02 6.029449657707112209e+01
8.800000000000000000e+02 6.054930475814838076e+01
8.850000000000000000e+02 6.077919177027941799e+01
8.900000000000000000e+02 6.095957908072711717e+01
8.950000000000000000e+02 6.118206170869201799e+01
9.000000000000000000e+02 6.166237742973999048e+01
9.050000000000000000e+02 6.186596823151606372e+01
9.100000000000000000e+02 6.211230187471945641e+01
9.150000000000000000e+02 6.227749277878514533e+01
9.200000000000000000e+02 6.255674093275523262e+01
9.250000000000000000e+02 6.268185589939945856e+01
9.300000000000000000e+02 6.278992967251987523e+01
9.350000000000000000e+02 6.296994513221437728e+01
9.400000000000000000e+02 6.314642960752370016e+01
9.450000000000000000e+02 6.325322819032841437e+01
9.500000000000000000e+02 6.336640350194920046e+01
9.550000000000000000e+02 6.350072883492552478e+01
9.600000000000000000e+02 6.359420069625463867e+01
9.650000000000000000e+02 6.370919661786487609e+01
9.700000000000000000e+02 6.377897179046884446e+01
9.750000000000000000e+02 6.377770590861693734e+01
9.800000000000000000e+02 6.384894660743738370e+01
9.850000000000000000e+02 6.384172446292494385e+01
9.900000000000000000e+02 6.395937362821095462e+01
9.950000000000000000e+02 6.390936198851915861e+01
1.000000000000000000e+03 6.380369240278926668e+01
1.005000000000000000e+03 6.390229709689877780e+01
1.010000000000000000e+03 6.388896073437727807e+01
1.015000000000000000e+03 6.388403873360160645e+01
1.020000000000000000e+03 6.382263513306359215e+01
1.025000000000000000e+03 6.395117777903651302e+01
1.030000000000000000e+03 6.396428791974214789e+01
1.035000000000000000e+03 6.396624043670249193e+01
1.040000000000000000e+03 6.402268219627495682e+01
1.045000000000000000e+03 6.414950596030161023e+01
1.050000000000000000e+03 6.426949361421782214e+01
1.055000000000000000e+03 6.421517293487718803e+01
1.060000000000000000e+03 6.427059392303888785e+01
1.065000000000000000e+03 6.430494503531765815e+01
1.070000000000000000e+03 6.428042528839310421e+01
1.075000000000000000e+03 6.428510136876367653e+01
1.080000000000000000e+03 6.434121904294310923e+01
1.085000000000000000e+03 6.430419398520240293e+01
1.090000000000000000e+03 6.426163042136214187e+01
1.095000000000000000e+03 6.425655790309333781e+01
1.100000000000000000e+03 6.429752242856358180e+01
1.105000000000000000e+03 6.379751270188492640e+01
1.110000000000000000e+03 6.379863314070393443e+01
1.115000000000000000e+03 6.378229244068882053e+01
1.120000000000000000e+03 6.378747178939035933e+01
1.125000000000000000e+03 6.374882632076797506e+01
1.130000000000000000e+03 6.373781010720887252e+01
1.135000000000000000e+03 6.370101026070466332e+01
1.140000000000000000e+03 6.365644280479772732e+01
1.145000000000000000e+03 6.363853969522117637e+01
1.150000000000000000e+03 6.363565158252107068e+01
1.155000000000000000e+03 6.363553317936526099e+01
1.160000000000000000e+03 6.364718498913430267e+01
1.165000000000000000e+03 6.364832768594312995e+01
1.170000000000000000e+03 6.365634401179022461e+01
1.175000000000000000e+03 6.364450326464056218e+01
1.180000000000000000e+03 6.364218732850206806e+01
1.185000000000000000e+03 6.363586247957334763e+01
1.190000000000000000e+03 6.362826964417197928e+01
1.195000000000000000e+03 6.361178292473844209e+01
1.200000000000000000e+03 6.363792611890694673e+01
1.205000000000000000e+03 6.364544904421143912e+01
1.210000000000000000e+03 6.366017136365147167e+01
1.215000000000000000e+03 6.366541385317461277e+01
1.220000000000000000e+03 6.365720803046271925e+01
1.225000000000000000e+03 6.364492616615254406e+01
1.230000000000000000e+03 6.363338098831231804e+01
1.235000000000000000e+03 6.361524875682389535e+01
1.240000000000000000e+03 6.357835054108202399e+01
1.245000000000000000e+03 6.355023898196908760e+01
1.250000000000000000e+03 6.347278302888205559e+01
1.255000000000000000e+03 6.344530437902263031e+01
1.260000000000000000e+03 6.341572160368772160e+01
1.265000000000000000e+03 6.339685454251937102e+01
1.270000000000000000e+03 6.334120934052466367e+01
1.275000000000000000e+03 6.329278292545904350e+01
1.280000000000000000e+03 6.324914324621773432e+01
1.285000000000000000e+03 6.322356634684791743e+01
1.290000000000000000e+03 6.319304388779298165e+01
1.295000000000000000e+03 6.315556264460965963e+01
1.300000000000000000e+03 6.313066890787241192e+01
1.305000000000000000e+03 6.307995503837774720e+01
1.310000000000000000e+03 6.303214918009449264e+01
1.315000000000000000e+03 6.297818425247376695e+01
1.320000000000000000e+03 6.294819368402056625e+01
1.325000000000000000e+03 6.294382994444109158e+01
1.330000000000000000e+03 6.294503252996846498e+01
1.335000000000000000e+03 6.292463507442428750e+01
1.340000000000000000e+03 6.286107745869261976e+01
1.345000000000000000e+03 6.268292854400942815e+01
1.350000000000000000e+03 6.245419640462699817e+01
1.355000000000000000e+03 6.227956812528207564e+01
1.360000000000000000e+03 6.214776233265938998e+01
1.365000000000000000e+03 6.216135122198343765e+01
1.370000000000000000e+03 6.216875908452685451e+01
1.375000000000000000e+03 6.201417717586951284e+01
1.380000000000000000e+03 6.196426321822928429e+01
1.385000000000000000e+03 6.193017376452753098e+01
1.390000000000000000e+03 6.182621723766951760e+01
1.395000000000000000e+03 6.180702282373700029e+01
1.400000000000000000e+03 6.178369242470707690e+01
1.405000000000000000e+03 6.176234261884579979e+01
1.410000000000000000e+03 6.173924909826051532e+01
1.415000000000000000e+03 6.170011563892575168e+01
1.420000000000000000e+03 6.163210971025103646e+01
1.425000000000000000e+03 6.154580158629509157e+01
1.430000000000000000e+03 6.143942540687796594e+01
1.435000000000000000e+03 6.134761320024314557e+01
1.440000000000000000e+03 6.125983780498865627e+01
1.445000000000000000e+03 6.118294922826528648e+01
1.450000000000000000e+03 6.112485933500661162e+01
1.455000000000000000e+03 6.104561746705182657e+01
1.460000000000000000e+03 6.094487483491293034e+01
1.465000000000000000e+03 6.081351560496894137e+01
1.470000000000000000e+03 6.066231036980738622e+01
1.475000000000000000e+03 6.053597593183085479e+01
1.480000000000000000e+03 6.039118082954982469e+01
1.485000000000000000e+03 6.024861187231353199e+01
1.490000000000000000e+03 6.008244138948705171e+01
1.495000000000000000e+03 5.990489978950358818e+01
1.500000000000000000e+03 5.969886769234069135e+01
1.505000000000000000e+03 5.945816165099464001e+01
1.510000000000000000e+03 5.920394259363905576e+01
1.515000000000000000e+03 5.899121873185946896e+01
1.520000000000000000e+03 5.874161922404672964e+01
1.525000000000000000e+03 5.859384401747242066e+01
1.530000000000000000e+03 5.845669148953631833e+01
1.535000000000000000e+03 5.826159205239188310e+01
1.540000000000000000e+03 5.815114285301608277e+01
1.545000000000000000e+03 5.789669891720532036e+01
1.550000000000000000e+03 5.774869749192603763e+01
1.555000000000000000e+03 5.736959493698163470e+01
1.560000000000000000e+03 5.720919447926641510e+01
1.565000000000000000e+03 5.660081600608359054e+01
1.570000000000000000e+03 5.636391425608177741e+01
1.575000000000000000e+03 5.594881854679913857e+01
1.580000000000000000e+03 5.577147354768301568e+01
1.585000000000000000e+03 5.560086705266041918e+01
1.590000000000000000e+03 5.543225093264713621e+01
1.595000000000000000e+03 5.507869936633662888e+01
1.600000000000000000e+03 5.459874271482845387e+01
1.605000000000000000e+03 5.422936949604372359e+01
1.610000000000000000e+03 5.353650128838010147e+01
1.615000000000000000e+03 5.322992428449055780e+01
1.620000000000000000e+03 5.268489313742967539e+01
1.625000000000000000e+03 5.236022794884713960e+01
1.630000000000000000e+03 5.198245651725513738e+01
1.635000000000000000e+03 5.166864537596801910e+01
1.640000000000000000e+03 5.122782277328707323e+01
1.645000000000000000e+03 5.081342819446955161e+01
1.650000000000000000e+03 5.023663621783295952e+01
1.655000000000000000e+03 4.961207861877262815e+01
1.660000000000000000e+03 4.880248163870639644e+01
1.665000000000000000e+03 4.795282927749313018e+01
1.670000000000000000e+03 4.686778085216353418e+01
1.675000000000000000e+03 4.558013550731298125e+01
1.680000000000000000e+03 4.404664019634370931e+01
1.685000000000000000e+03 4.228446326840528968e+01
1.690000000000000000e+03 4.024646584873249822e+01
1.695000000000000000e+03 3.808068946119403364e+01
1.700000000000000000e+03 3.569413872168568957e+01
1.705000000000000000e+03 3.322851147766628088e+01
1.710000000000000000e+03 3.073579040190514178e+01
1.715000000000000000e+03 2.828582416983785919e+01
1.720000000000000000e+03 2.580890161533115190e+01
1.725000000000000000e+03 2.342132893259686099e+01
1.730000000000000000e+03 2.116410619473920462e+01
1.735000000000000000e+03 1.897975997469274034e+01
1.740000000000000000e+03 1.694916849595832886e+01
1.745000000000000000e+03 1.501534071760268674e+01
1.750000000000000000e+03 1.318819534427136553e+01
1.755000000000000000e+03 1.140729726942827504e+01
1.760000000000000000e+03 9.794337890382813328e+00
1.765000000000000000e+03 8.288608430084275724e+00
1.770000000000000000e+03 6.961912515420852543e+00
1.775000000000000000e+03 5.783734917206968085e+00
1.780000000000000000e+03 4.782681614381099955e+00
1.785000000000000000e+03 3.937251279971796691e+00
1.790000000000000000e+03 3.207779565556900359e+00
1.795000000000000000e+03 2.629750746557144581e+00
1.800000000000000000e+03 2.147721459774049713e+00
