3.5424054000000004e-08 0.24212943
3.562764e-08 0.249561126
3.5833579999999994e-08 0.257440979
3.6041915e-08 0.264198246
3.6252686e-08 0.270045915
3.6465936999999994e-08 0.27768796
3.6681712e-08 0.285542731
3.6900056e-08 0.293668699
3.7121013999999997e-08 0.302415124
3.7344635e-08 0.311509109
3.7570965999999995e-08 0.321763966
3.7800056999999996e-08 0.331345402
3.8031958999999996e-08 0.340586799
3.8266725e-08 0.350449515
3.8504405999999996e-08 0.36001777
3.8745058999999996e-08 0.368237477
3.8988738e-08 0.378471979
3.9235501999999995e-08 0.389943481
3.948541e-08 0.400308699
3.9738521999999996e-08 0.410429821
3.9994899e-08 0.4230735
4.0254606e-08 0.435673378
4.0517708e-08 0.448162518
4.0784272000000004e-08 0.460710349
4.1054367e-08 0.473676024
4.1328062e-08 0.486720406
4.160543199999999e-08 0.499586866
4.188655e-08 0.512747971
4.2171492e-08 0.526524585
4.2460338e-08 0.53937856
4.2753168e-08 0.552291328
4.3050064999999996e-08 0.565214636
4.3351114e-08 0.577969325
4.3656404e-08 0.591669742
4.3966024e-08 0.604833568
4.4280066999999995e-08 0.619235414
4.4598629e-08 0.632079382
4.4921807e-08 0.643908763
4.5249703e-08 0.655951117
4.558242199999999e-08 0.668024655
4.5920068999999996e-08 0.680700896
4.6262757e-08 0.693286205
4.6610596999999994e-08 0.705946318
4.6963707e-08 0.717012534
4.7322208999999996e-08 0.726768495
4.7686225999999994e-08 0.737201916
4.8055887e-08 0.748275571
4.8431323e-08 0.758742895
4.8812671999999996e-08 0.768737331
4.9200074e-08 0.776635795
4.959367499999999e-08 0.785993387
4.9993624e-08 0.796493706
5.0400076e-08 0.805375879
5.0813191999999995e-08 0.813481663
5.1233135e-08 0.822726772
5.1660078e-08 0.828870944
5.2094196e-08 0.834135261
5.253567299999999e-08 0.839366565
5.298469499999999e-08 0.843959639
5.344146e-08 0.846131557
5.3906167999999994e-08 0.844854218
5.4379029999999996e-08 0.843400788
5.486026e-08 0.843472675
5.5350083999999996e-08 0.847776516
5.5848733e-08 0.857635668
5.6356449e-08 0.890414813
5.6873479999999997e-08 0.922152795
5.7400087e-08 0.955571566
5.7936535999999996e-08 1.022892582
5.8483107e-08 1.045536003
5.9040088999999997e-08 1.080939614
5.960778199999999e-08 1.120069848
6.018649899999999e-08 1.137124612
6.0776562e-08 1.158743876
6.1378311e-08 1.191118454
6.1992094e-08 1.216259928
6.2618276e-08 1.240695059
6.325723799999999e-08 1.279598087
6.3909375e-08 1.309221546
6.457509799999999e-08 1.331018262
6.5254835e-08 1.353443759
6.5949036e-08 1.37763879
6.6658165e-08 1.405648837
6.7382711e-08 1.436633983
6.812318e-08 1.466976619
6.8880104e-08 1.496711309
6.9654038e-08 1.521137523
7.0445561e-08 1.546045091
7.125528e-08 1.576282725
7.208383e-08 1.605973694
7.293187499999999e-08 1.635623322
7.3800112e-08 1.664867128
7.468927e-08 1.691299925
7.560011399999999e-08 1.717065848
7.6533449e-08 1.74756916
7.749011699999999e-08 1.77821807
7.847100499999999e-08 1.809332118
7.947704299999999e-08 1.837233042
8.050921299999999e-08 1.863298394
8.156854400000001e-08 1.889677322
8.2656125e-08 1.919953984
8.37731e-08 1.960885899
8.4920676e-08 2.002080707
8.610012999999999e-08 2.052110228
8.7312808e-08 2.11064533
8.856013399999999e-08 2.180202034
8.9843614e-08 2.256842408
9.116484399999999e-08 2.354062836
9.2525513e-08 2.465750575
9.3927415e-08 2.607673794
9.537245199999999e-08 2.77670183
9.6862646e-08 3.017232118
9.8400149e-08 3.372489023
9.9987248e-08 3.5109272
1.01626383e-07 3.516495841
1.03320156e-07 3.220107195
1.05071345e-07 2.969836213
1.0688292e-07 2.675290114
1.08758059e-07 2.397913221
1.10700167e-07 2.173927116
1.12712898e-07 1.919061312
1.14800174e-07 1.749409251
1.1696621499999999e-07 1.606892123
1.1921556499999998e-07 1.448713231
1.2155312499999998e-07 1.344028727
1.23984187e-07 1.250026829
1.2651447699999997e-07 1.164661156
1.2915019499999998e-07 1.070992724
1.31898072e-07 1.018073278
1.34765421e-07 0.967033288
1.37760208e-07 0.914938774
1.40891122e-07 0.865721351
1.4416766e-07 0.824627606
1.4760022299999999e-07 0.789467592
1.51200229e-07 0.751250857
1.5498023399999998e-07 0.711309486
1.5895408599999998e-07 0.665263097
1.6313708900000002e-07 0.613833324
1.67546199e-07 0.507137009
1.7220025999999998e-07 0.385650219
1.7712026799999998e-07 0.08839637
1.82329687e-07 0.029197479
1.87854829e-07 0.020877262
1.9372529299999997e-07 0.016664325
1.99974496e-07 0.012223934
2.06640312e-07 0.007557476
2.1376584e-07 0.002904905
2.2140033499999998e-07 0.0
2.29600347e-07 0.0
2.3843112999999997e-07 0.0
2.47968375e-07 0.0
2.5830038999999996e-07 0.0
2.69530842e-07 0.0
2.81782244e-07 0.0
2.9520044599999997e-07 0.0
3.09960469e-07 0.0
3.26274177e-07 0.0
3.44400521e-07 0.0
3.64659375e-07 0.0
3.8745058599999995e-07 0.0
4.13280625e-07 0.0
4.4280066899999996e-07 0.0
4.76862259e-07 0.0
5.166007809999999e-07 0.0
5.63564488e-07 0.0
6.199209369999999e-07 0.0
6.888010409999999e-07 0.0
7.74901171e-07 0.0
8.85601339e-07 0.0
1.0332015619999999e-06 0.0
1.2398418739999998e-06 0.0
1.549802343e-06 0.0
2.0664031239999997e-06 0.0
3.099604686e-06 0.0
6.199209372e-06 0.0
9.999999999999999e-06 0.0
