206.6e-9 2.774
210.1e-9 2.831
213.8e-9 2.873
217.5e-9 2.866
221.4e-9 2.846
225.4e-9 2.842
229.6e-9 2.854
233.9e-9 2.897
238.4e-9 2.973
243.1e-9 3.073
248.0e-9 3.197
253.0e-9 3.342
258.3e-9 3.509
263.8e-9 3.709
269.5e-9 3.960
275.5e-9 4.297
281.8e-9 4.669
288.3e-9 4.507
295.2e-9 4.009
302.4e-9 3.614
310.0e-9 3.336
317.9e-9 3.137
326.3e-9 2.986
335.1e-9 2.863
344.4e-9 2.759
354.2e-9 2.667
364.7e-9 2.579
375.7e-9 2.469
387.5e-9 2.340
399.9e-9 2.215
413.3e-9 2.145
427.5e-9 2.140
442.8e-9 2.181
459.2e-9 2.240
476.9e-9 2.309
495.9e-9 2.384
516.6e-9 2.455
539.1e-9 2.318
563.6e-9 2.049
590.4e-9 1.634
619.9e-9 0.933
652.5e-9 0.638
688.8e-9 0.500
729.3e-9 0.401
774.9e-9 0.345
826.6e-9 0.298