206.6e-9 1.023
210.1e-9 1.108
213.8e-9 1.209
217.5e-9 1.310
221.4e-9 1.360
225.4e-9 1.380
229.6e-9 1.383
233.9e-9 1.371
238.4e-9 1.364
243.1e-9 1.370
248.0e-9 1.394
253.0e-9 1.435
258.3e-9 1.498
263.8e-9 1.586
269.5e-9 1.720
275.5e-9 1.953
281.8e-9 2.516
288.3e-9 3.338
295.2e-9 3.745
302.4e-9 3.869
310.0e-9 3.905
317.9e-9 3.920
326.3e-9 3.936
335.1e-9 3.958
344.4e-9 3.985
354.2e-9 4.020
364.7e-9 4.070
375.7e-9 4.128
387.5e-9 4.157
399.9e-9 4.141
413.3e-9 4.082
427.5e-9 4.037
442.8e-9 4.035
459.2e-9 4.082
476.9e-9 4.180
495.9e-9 4.340
516.6e-9 4.610
539.1e-9 5.062
563.6e-9 5.283
590.4e-9 5.748
619.9e-9 5.588
652.5e-9 5.294
688.8e-9 5.067
729.3e-9 4.897
774.9e-9 4.763
826.6e-9 4.653
