2.350000000000000529e-07 3.608000000000000540e+00
2.362520000000000167e-07 3.595000000000000195e+00
2.375040000000000070e-07 3.581999999999999851e+00
2.387559999999999973e-07 3.568000000000000060e+00
2.400080000000000406e-07 3.555000000000000160e+00
2.412600000000000309e-07 3.541999999999999815e+00
2.425129999999999958e-07 3.529999999999999805e+00
2.437649999999999861e-07 3.516000000000000014e+00
2.450170000000000294e-07 3.500999999999999890e+00
2.462690000000000197e-07 3.480999999999999872e+00
2.475210000000000100e-07 3.456999999999999851e+00
2.487730000000000003e-07 3.427999999999999936e+00
2.500250000000000435e-07 3.392999999999999794e+00
2.512769999999999809e-07 3.354000000000000092e+00
2.525290000000000241e-07 3.310000000000000053e+00
2.537810000000000144e-07 3.262000000000000011e+00
2.550330000000000047e-07 3.209999999999999964e+00
2.562850000000000479e-07 3.154999999999999805e+00
2.575380000000000129e-07 3.097999999999999865e+00
2.587900000000000561e-07 3.037999999999999812e+00
2.600419999999999935e-07 2.976999999999999869e+00
2.612939999999999838e-07 2.914000000000000146e+00
2.625460000000000270e-07 2.850999999999999979e+00
2.637980000000000173e-07 2.787999999999999812e+00
2.650500000000000076e-07 2.725999999999999979e+00
2.663020000000000509e-07 2.664000000000000146e+00
2.675539999999999882e-07 2.604000000000000092e+00
2.688059999999999785e-07 2.545999999999999819e+00
2.700580000000000218e-07 2.488999999999999879e+00
2.713109999999999867e-07 2.435000000000000053e+00
2.725630000000000300e-07 2.383999999999999897e+00
2.738150000000000203e-07 2.335999999999999854e+00
2.750670000000000106e-07 2.290999999999999925e+00
2.763190000000000538e-07 2.248000000000000220e+00
2.775710000000000441e-07 2.209000000000000075e+00
2.788229999999999815e-07 2.173000000000000043e+00
2.800750000000000247e-07 2.138999999999999790e+00
2.813270000000000150e-07 2.108999999999999986e+00
2.825790000000000053e-07 2.081999999999999851e+00
2.838310000000000486e-07 2.057999999999999829e+00
2.850830000000000389e-07 2.036999999999999922e+00
2.863360000000000568e-07 2.019000000000000128e+00
2.875880000000000471e-07 2.004000000000000004e+00
2.888399999999999844e-07 1.991000000000000103e+00
2.900920000000000277e-07 1.981000000000000094e+00
2.913440000000000180e-07 1.973000000000000087e+00
2.925960000000000083e-07 1.967999999999999972e+00
2.938480000000000515e-07 1.963999999999999968e+00
2.951000000000000418e-07 1.961999999999999966e+00
2.963519999999999792e-07 1.961999999999999966e+00
2.976040000000000224e-07 1.963999999999999968e+00
2.988560000000000127e-07 1.967000000000000082e+00
3.001089999999999777e-07 1.969999999999999973e+00
3.013610000000000209e-07 1.975000000000000089e+00
3.026130000000000112e-07 1.979999999999999982e+00
3.038650000000000545e-07 1.985000000000000098e+00
3.051170000000000448e-07 1.989999999999999991e+00
3.063690000000000351e-07 1.993999999999999995e+00
3.076210000000000254e-07 1.997999999999999998e+00
3.088730000000000157e-07 2.001999999999999780e+00
3.101250000000000060e-07 2.004000000000000004e+00
3.113770000000000492e-07 2.004000000000000004e+00
3.126290000000000395e-07 2.003000000000000114e+00
3.138809999999999769e-07 2.000000000000000000e+00
3.151340000000000477e-07 1.995000000000000107e+00
3.163860000000000380e-07 1.987999999999999989e+00
3.176379999999999754e-07 1.977999999999999980e+00
3.188900000000000186e-07 1.965000000000000080e+00
3.201420000000000089e-07 1.949999999999999956e+00
3.213939999999999992e-07 1.933000000000000052e+00
3.226460000000000424e-07 1.911999999999999922e+00
3.238980000000000327e-07 1.889999999999999902e+00
3.251500000000000230e-07 1.864000000000000101e+00
3.264020000000000133e-07 1.836000000000000076e+00
3.276540000000000036e-07 1.806000000000000050e+00
3.289070000000000215e-07 1.774000000000000021e+00
3.301590000000000118e-07 1.741000000000000103e+00
3.314110000000000021e-07 1.705000000000000071e+00
3.326630000000000454e-07 1.667999999999999927e+00
3.339150000000000357e-07 1.629999999999999893e+00
3.351669999999999730e-07 1.590999999999999970e+00
3.364190000000000163e-07 1.552000000000000046e+00
3.376710000000000066e-07 1.512000000000000011e+00
3.389229999999999969e-07 1.471000000000000085e+00
3.401750000000000401e-07 1.431000000000000050e+00
3.414270000000000304e-07 1.391000000000000014e+00
3.426790000000000207e-07 1.350999999999999979e+00
3.439320000000000386e-07 1.312000000000000055e+00
3.451840000000000289e-07 1.272999999999999909e+00
3.464360000000000192e-07 1.235999999999999988e+00
3.476880000000000095e-07 1.197999999999999954e+00
3.489399999999999998e-07 1.161999999999999922e+00
3.501920000000000431e-07 1.127000000000000002e+00
3.514440000000000334e-07 1.092000000000000082e+00
3.526960000000000237e-07 1.058000000000000052e+00
3.539480000000000140e-07 1.026000000000000023e+00
3.552000000000000043e-07 9.939999999999999947e-01
3.564519999999999946e-07 9.639999999999999680e-01
3.577050000000000125e-07 9.350000000000000533e-01
3.589570000000000028e-07 9.060000000000000275e-01
3.602090000000000460e-07 8.790000000000000036e-01
3.614610000000000363e-07 8.529999999999999805e-01
3.627130000000000266e-07 8.269999999999999574e-01
3.639650000000000169e-07 8.030000000000000471e-01
3.652170000000000072e-07 7.800000000000000266e-01
3.664689999999999975e-07 7.570000000000000062e-01
3.677210000000000407e-07 7.349999999999999867e-01
3.689730000000000310e-07 7.139999999999999680e-01
3.702250000000000213e-07 6.939999999999999503e-01
3.714770000000000116e-07 6.750000000000000444e-01
3.727300000000000295e-07 6.560000000000000275e-01
3.739820000000000728e-07 6.390000000000000124e-01
3.752340000000000101e-07 6.209999999999999964e-01
3.764860000000000004e-07 6.049999999999999822e-01
3.777380000000000437e-07 5.889999999999999680e-01
3.789900000000000340e-07 5.739999999999999547e-01
3.802420000000000243e-07 5.590000000000000524e-01
3.814940000000000675e-07 5.440000000000000391e-01
3.827460000000000049e-07 5.310000000000000275e-01
3.839979999999999952e-07 5.170000000000000151e-01
3.852500000000000384e-07 5.050000000000000044e-01
3.865030000000000034e-07 4.919999999999999929e-01
3.877549999999999937e-07 4.799999999999999822e-01
3.890070000000000369e-07 4.689999999999999725e-01
3.902590000000000272e-07 4.580000000000000182e-01
3.915110000000000705e-07 4.470000000000000084e-01
3.927630000000000078e-07 4.369999999999999996e-01
3.940149999999999981e-07 4.269999999999999907e-01
3.952670000000000414e-07 4.179999999999999827e-01
3.965190000000000317e-07 4.089999999999999747e-01
3.977710000000000220e-07 4.000000000000000222e-01
3.990230000000000652e-07 3.910000000000000142e-01
4.002750000000000026e-07 3.830000000000000071e-01
4.015280000000000205e-07 3.739999999999999991e-01
4.027800000000000108e-07 3.669999999999999929e-01
4.040320000000000011e-07 3.589999999999999858e-01
4.052839999999999914e-07 3.519999999999999796e-01
4.065360000000000346e-07 3.439999999999999725e-01
4.077880000000000249e-07 3.370000000000000218e-01
4.090400000000000681e-07 3.300000000000000155e-01
4.102920000000000055e-07 3.240000000000000102e-01
4.115439999999999958e-07 3.170000000000000040e-01
4.127960000000000390e-07 3.109999999999999987e-01
4.140480000000000293e-07 3.049999999999999933e-01
4.153009999999999943e-07 2.989999999999999880e-01
4.165530000000000375e-07 2.939999999999999836e-01
4.178050000000000278e-07 2.879999999999999782e-01
4.190570000000000181e-07 2.829999999999999738e-01
4.203090000000000614e-07 2.770000000000000240e-01
4.215609999999999987e-07 2.720000000000000195e-01
4.228129999999999890e-07 2.670000000000000151e-01
4.240650000000000323e-07 2.620000000000000107e-01
4.253170000000000226e-07 2.570000000000000062e-01
4.265690000000000658e-07 2.520000000000000018e-01
4.278210000000000561e-07 2.479999999999999982e-01
4.290729999999999935e-07 2.429999999999999938e-01
4.303260000000000643e-07 2.389999999999999902e-01
4.315780000000000017e-07 2.340000000000000135e-01
4.328299999999999920e-07 2.300000000000000100e-01
4.340820000000000352e-07 2.260000000000000064e-01
4.353340000000000255e-07 2.220000000000000029e-01
4.365860000000000158e-07 2.179999999999999993e-01
4.378380000000000591e-07 2.139999999999999958e-01
4.390899999999999964e-07 2.099999999999999922e-01
4.403419999999999867e-07 2.059999999999999887e-01
4.415940000000000300e-07 2.020000000000000129e-01
4.428460000000000203e-07 1.990000000000000102e-01
4.440980000000000635e-07 1.950000000000000067e-01
4.453510000000000285e-07 1.910000000000000031e-01
4.466030000000000188e-07 1.880000000000000004e-01
4.478550000000000620e-07 1.839999999999999969e-01
4.491070000000000523e-07 1.809999999999999942e-01
4.503589999999999897e-07 1.769999999999999907e-01
4.516110000000000329e-07 1.739999999999999880e-01
4.528630000000000232e-07 1.700000000000000122e-01
4.541150000000000135e-07 1.670000000000000095e-01
4.553670000000000567e-07 1.640000000000000069e-01
4.566190000000000470e-07 1.600000000000000033e-01
4.578709999999999844e-07 1.570000000000000007e-01
4.591240000000000552e-07 1.539999999999999980e-01
4.603759999999999926e-07 1.499999999999999944e-01
4.616280000000000358e-07 1.469999999999999918e-01
4.628800000000000261e-07 1.439999999999999891e-01
4.641320000000000164e-07 1.400000000000000133e-01
4.653840000000000597e-07 1.370000000000000107e-01
4.666360000000000500e-07 1.340000000000000080e-01
4.678879999999999873e-07 1.300000000000000044e-01
4.691400000000000306e-07 1.270000000000000018e-01
4.703920000000000209e-07 1.239999999999999991e-01
4.716440000000000112e-07 1.199999999999999956e-01
4.728960000000000544e-07 1.170000000000000068e-01
4.741490000000000194e-07 1.130000000000000032e-01
4.754010000000000626e-07 1.100000000000000006e-01
4.766530000000000529e-07 1.059999999999999970e-01
4.779050000000000432e-07 1.029999999999999943e-01
4.791569999999999806e-07 9.900000000000000466e-02
4.804090000000000238e-07 9.500000000000000111e-02
4.816610000000000671e-07 9.099999999999999756e-02
4.829130000000000044e-07 8.699999999999999400e-02
4.841650000000000477e-07 8.300000000000000433e-02
4.854169999999999850e-07 7.900000000000000078e-02
4.866690000000000283e-07 7.499999999999999722e-02
4.879220000000000991e-07 7.099999999999999367e-02
4.891740000000000365e-07 6.600000000000000311e-02
4.904259999999999738e-07 6.199999999999999956e-02
4.916780000000000171e-07 5.800000000000000294e-02
4.929300000000000603e-07 5.399999999999999939e-02
4.941819999999999977e-07 5.000000000000000278e-02
4.954340000000000409e-07 4.599999999999999922e-02
4.966859999999999783e-07 4.299999999999999656e-02
4.979380000000000215e-07 4.100000000000000172e-02
4.991900000000000648e-07 3.799999999999999906e-02
5.004420000000000021e-07 3.599999999999999728e-02
5.016940000000000454e-07 3.400000000000000244e-02
5.029470000000000103e-07 3.200000000000000067e-02
5.041990000000000536e-07 3.099999999999999978e-02
5.054510000000000968e-07 2.900000000000000147e-02
5.067030000000000342e-07 2.800000000000000058e-02
5.079549999999999715e-07 2.699999999999999969e-02
5.092070000000000148e-07 2.599999999999999881e-02
5.104590000000000580e-07 2.400000000000000050e-02
5.117109999999999954e-07 2.299999999999999961e-02
5.129630000000000386e-07 2.199999999999999872e-02
5.142150000000000818e-07 2.100000000000000130e-02
5.154670000000000192e-07 2.000000000000000042e-02
5.167200000000000900e-07 1.899999999999999953e-02
5.179720000000000274e-07 1.899999999999999953e-02
5.192240000000000706e-07 1.799999999999999864e-02
5.204760000000000080e-07 1.700000000000000122e-02
5.217279999999999454e-07 1.600000000000000033e-02
5.229800000000000945e-07 1.600000000000000033e-02
5.242320000000000318e-07 1.499999999999999944e-02
5.254840000000000751e-07 1.499999999999999944e-02
5.267360000000000124e-07 1.400000000000000029e-02
5.279880000000000557e-07 1.400000000000000029e-02
5.292399999999999930e-07 1.299999999999999940e-02
5.304920000000000363e-07 1.299999999999999940e-02
5.317450000000000012e-07 1.200000000000000025e-02
5.329969999999999386e-07 1.200000000000000025e-02
5.342490000000000877e-07 1.099999999999999936e-02
5.355010000000000251e-07 1.099999999999999936e-02
5.367530000000000683e-07 1.000000000000000021e-02
5.380050000000000057e-07 1.000000000000000021e-02
5.392569999999999430e-07 8.999999999999999320e-03
5.405090000000000922e-07 8.999999999999999320e-03
5.417610000000000295e-07 8.000000000000000167e-03
5.430130000000000728e-07 7.000000000000000146e-03
5.442650000000000101e-07 7.000000000000000146e-03
5.455180000000000810e-07 6.000000000000000125e-03
5.467700000000000183e-07 6.000000000000000125e-03
5.480220000000000616e-07 6.000000000000000125e-03
5.492739999999999989e-07 5.000000000000000104e-03
5.505259999999999363e-07 5.000000000000000104e-03
5.517780000000000854e-07 5.000000000000000104e-03
5.530300000000000228e-07 5.000000000000000104e-03
5.542820000000000660e-07 5.000000000000000104e-03
5.555340000000000034e-07 5.000000000000000104e-03
5.567859999999999407e-07 5.000000000000000104e-03
5.580380000000000898e-07 5.000000000000000104e-03
5.592900000000000272e-07 5.000000000000000104e-03
5.605429999999999922e-07 5.000000000000000104e-03
5.617950000000000354e-07 4.000000000000000083e-03
5.630470000000000786e-07 4.000000000000000083e-03
5.642990000000000160e-07 4.000000000000000083e-03
5.655510000000000592e-07 4.000000000000000083e-03
5.668029999999999966e-07 4.000000000000000083e-03
5.680549999999999340e-07 4.000000000000000083e-03
5.693070000000000831e-07 4.000000000000000083e-03
5.705590000000000204e-07 4.000000000000000083e-03
5.718110000000000637e-07 3.000000000000000062e-03
5.730630000000000010e-07 3.000000000000000062e-03
5.743160000000000719e-07 3.000000000000000062e-03
5.755680000000000092e-07 3.000000000000000062e-03
5.768200000000000525e-07 3.000000000000000062e-03
5.780719999999999898e-07 3.000000000000000062e-03
5.793240000000000331e-07 3.000000000000000062e-03
5.805760000000000763e-07 3.000000000000000062e-03
5.818280000000000137e-07 3.000000000000000062e-03
5.830800000000000569e-07 3.000000000000000062e-03
5.843319999999999943e-07 3.000000000000000062e-03
5.855839999999999316e-07 2.000000000000000042e-03
5.868360000000000808e-07 2.000000000000000042e-03
5.880880000000000181e-07 2.000000000000000042e-03
5.893410000000000890e-07 2.000000000000000042e-03
5.905930000000000263e-07 2.000000000000000042e-03
5.918450000000000696e-07 2.000000000000000042e-03
5.930970000000000069e-07 2.000000000000000042e-03
5.943490000000000502e-07 2.000000000000000042e-03
5.956009999999999875e-07 2.000000000000000042e-03
5.968530000000000308e-07 2.000000000000000042e-03
5.981050000000000740e-07 2.000000000000000042e-03
5.993570000000000114e-07 2.000000000000000042e-03
6.006090000000000546e-07 2.000000000000000042e-03
6.018609999999999920e-07 1.000000000000000021e-03
6.031140000000000628e-07 1.000000000000000021e-03
6.043660000000000002e-07 1.000000000000000021e-03
6.056180000000000434e-07 1.000000000000000021e-03
6.068700000000000866e-07 1.000000000000000021e-03
6.081220000000000240e-07 9.840000000000000656e-04
6.093740000000000672e-07 8.710000000000000294e-04
6.106260000000000046e-07 7.540000000000000044e-04
6.118780000000000478e-07 6.319999999999999663e-04
6.131299999999999852e-07 5.150000000000000498e-04
6.143820000000000284e-07 4.099999999999999912e-04
6.156340000000000717e-07 3.289999999999999739e-04
6.168860000000000090e-07 2.809999999999999998e-04
6.181390000000000799e-07 2.759999999999999867e-04
6.193910000000000172e-07 0