[0.000]
file = 0.000_GaAsP_k.txt
1 = 2.4989525808785096e-07 4.096982104070575
2 = 2.998281000629667e-07 1.94617630780145
3 = 3.88948742069186e-07 2.2615901986223044
4 = 4.281365421002895e-07 1.67475178454301
5 = 4.6985258729469e-07 0.5660207916806521
6 = 8.269672166103913e-07 0.07768263123436019
7 = 8.554099746974826e-07 0.03853977526477051
8 = 8.863809779478708e-07 0.0016445338035460185
9 = 8.857489166570466e-07 1.9081603300870967e-06

[1.000]
file = 1.000_GaAsP_k.txt
1 = 2.416784613071357e-07 3.842987474080661
2 = 2.72649464557524e-07 2.3383518181112533
3 = 3.3395940976747626e-07 1.94617630780145
4 = 3.6240216785456745e-07 0.8308750151090651
5 = 3.826281291609435e-07 0.20794772374154943
6 = 4.3445715500853205e-07 0.11028877226185906
7 = 4.4836250340666555e-07 0.05752550809912156
8 = 4.534189937332596e-07 0.017885560199857087
9 = 5.48228187356897e-07 2.2547301129128463e-06

