2.250000000000000163e-07 1.100964000000000054e+00
2.300000000000000214e-07 1.189756000000000036e+00
2.350000000000000264e-07 1.260223000000000093e+00
2.400000000000000315e-07 1.298724999999999907e+00
2.450000000000000366e-07 1.309600000000000097e+00
2.500000000000000416e-07 1.308365999999999918e+00
2.549999999999999938e-07 1.308932999999999902e+00
2.599999999999999988e-07 1.319322000000000106e+00
2.650000000000000039e-07 1.343461000000000016e+00
2.700000000000000090e-07 1.383731999999999962e+00
2.750000000000000140e-07 1.442568000000000072e+00
2.800000000000000191e-07 1.523136999999999963e+00
2.850000000000000242e-07 1.630120999999999931e+00
2.900000000000000292e-07 1.768791000000000002e+00
2.950000000000000343e-07 1.944430000000000103e+00
3.000000000000000394e-07 2.159565999999999875e+00
3.050000000000000444e-07 2.409298000000000162e+00
3.099999999999999966e-07 2.676274999999999959e+00
3.150000000000000016e-07 2.931061999999999834e+00
3.200000000000000067e-07 3.143431000000000086e+00
3.250000000000000118e-07 3.298362000000000016e+00
3.300000000000000168e-07 3.400923000000000140e+00
3.350000000000000219e-07 3.466022999999999854e+00
3.400000000000000270e-07 3.506498000000000115e+00
3.450000000000000320e-07 3.527890999999999888e+00
3.500000000000000371e-07 3.532620999999999789e+00
3.550000000000000422e-07 3.524353000000000069e+00
3.600000000000000472e-07 3.509031999999999929e+00
3.649999999999999994e-07 3.493030000000000079e+00
3.700000000000000044e-07 3.480792000000000108e+00
3.750000000000000095e-07 3.473482000000000181e+00
3.800000000000000146e-07 3.469173000000000062e+00
3.850000000000000196e-07 3.464461000000000013e+00
3.900000000000000247e-07 3.456529000000000185e+00
3.950000000000000298e-07 3.444360999999999784e+00
4.000000000000000348e-07 3.428656000000000148e+00
4.050000000000000399e-07 3.411021999999999998e+00
4.100000000000000450e-07 3.393197999999999936e+00
4.150000000000000500e-07 3.376625999999999905e+00
4.200000000000000022e-07 3.362335999999999991e+00
4.250000000000000072e-07 3.350997000000000003e+00
4.300000000000000123e-07 3.343027000000000193e+00
4.350000000000000174e-07 3.338694999999999968e+00
4.400000000000000224e-07 3.338222000000000023e+00
4.450000000000000275e-07 3.341851000000000127e+00
4.500000000000000326e-07 3.349921000000000149e+00
4.550000000000000376e-07 3.362922999999999885e+00
4.600000000000000427e-07 3.381561000000000039e+00
4.650000000000000478e-07 3.406789999999999985e+00
4.700000000000000528e-07 3.439829000000000025e+00
4.750000000000000050e-07 3.482076999999999867e+00
4.800000000000000630e-07 3.534892000000000145e+00
4.850000000000000151e-07 3.599127000000000187e+00
4.900000000000000731e-07 3.674452000000000051e+00
4.950000000000000252e-07 3.758338999999999874e+00
5.000000000000000833e-07 3.845775999999999861e+00
5.050000000000000354e-07 3.929717000000000127e+00
5.099999999999999875e-07 4.002799999999999692e+00
5.150000000000000455e-07 4.059556999999999860e+00
5.199999999999999976e-07 4.097838000000000314e+00
5.250000000000000557e-07 4.118761000000000116e+00
5.300000000000000078e-07 4.125569999999999737e+00
5.350000000000000658e-07 4.121844000000000285e+00
5.400000000000000179e-07 4.111680999999999919e+00
5.450000000000000759e-07 4.099048999999999943e+00
5.500000000000000281e-07 4.085833000000000048e+00
5.550000000000000861e-07 4.073896999999999657e+00
5.600000000000000382e-07 4.064649000000000179e+00
5.649999999999999903e-07 4.059191000000000216e+00
5.700000000000000483e-07 4.058443999999999718e+00
5.750000000000000004e-07 4.063240000000000407e+00
5.800000000000000585e-07 4.074374999999999858e+00
5.850000000000000106e-07 4.092633000000000187e+00
5.900000000000000686e-07 4.118774000000000157e+00
5.950000000000000207e-07 4.153488000000000291e+00
6.000000000000000787e-07 4.197302999999999784e+00
6.050000000000000309e-07 4.250468999999999831e+00
6.100000000000000889e-07 4.312802999999999720e+00
6.150000000000000410e-07 4.383543999999999663e+00
6.199999999999999931e-07 4.461240000000000094e+00
6.250000000000000511e-07 4.543717000000000006e+00
6.300000000000000033e-07 4.628172000000000175e+00
6.350000000000000613e-07 4.711414999999999687e+00
6.400000000000000134e-07 4.790205000000000268e+00
6.450000000000000714e-07 4.861632000000000176e+00
6.500000000000000235e-07 4.923443999999999932e+00
6.550000000000000815e-07 4.974234000000000044e+00
6.600000000000000337e-07 5.013473000000000290e+00
6.650000000000000917e-07 5.041395999999999766e+00
6.700000000000000438e-07 5.058819999999999872e+00
6.749999999999999959e-07 5.066920999999999786e+00
6.800000000000000539e-07 5.067042999999999964e+00
6.850000000000000061e-07 5.060548999999999964e+00
6.900000000000000641e-07 5.048725000000000129e+00
6.950000000000000162e-07 5.032716999999999885e+00
7.000000000000000742e-07 5.013516000000000084e+00
7.050000000000000263e-07 4.991954999999999920e+00
7.100000000000000843e-07 4.968713000000000157e+00
7.150000000000000365e-07 4.944341999999999793e+00
7.200000000000000945e-07 4.919279999999999653e+00
7.250000000000000466e-07 4.893868999999999581e+00
7.299999999999999987e-07 4.868379000000000012e+00
7.350000000000000567e-07 4.843013000000000012e+00
7.400000000000000089e-07 4.817924999999999791e+00
7.450000000000000669e-07 4.793231999999999715e+00
7.500000000000000190e-07 4.769017999999999979e+00
7.550000000000000770e-07 4.745339999999999669e+00
7.600000000000000291e-07 4.722240000000000215e+00
7.650000000000000871e-07 4.699742999999999782e+00
7.700000000000000393e-07 4.677862000000000187e+00
7.750000000000000973e-07 4.656602999999999604e+00
7.800000000000000494e-07 4.635963000000000278e+00
7.850000000000000015e-07 4.615935999999999595e+00
7.900000000000000595e-07 4.596510999999999569e+00
7.950000000000000117e-07 4.577675000000000161e+00
8.000000000000000697e-07 4.559412000000000020e+00
8.050000000000000218e-07 4.541706999999999717e+00
8.100000000000000798e-07 4.524541000000000146e+00
8.150000000000000319e-07 4.507271000000000249e+00
8.200000000000000899e-07 4.491139000000000436e+00
8.250000000000000421e-07 4.475493000000000166e+00
