2.066402866666666593e-07 2.457233000000000001e+00
2.073313913043478130e-07 2.473840000000000039e+00
2.080271342281878936e-07 2.496243000000000212e+00
2.087275622895622768e-07 2.501956999999999987e+00
2.094327229729729731e-07 2.519063000000000052e+00
2.101426644067796352e-07 2.531464000000000159e+00
2.108574353741496562e-07 2.541796999999999862e+00
2.115770853242320691e-07 2.557587999999999973e+00
2.123016643835616544e-07 2.573960000000000026e+00
2.130312233676975965e-07 2.584877999999999787e+00
2.137658137931034380e-07 2.600423999999999847e+00
2.145054878892733360e-07 2.619349000000000149e+00
2.152502986111111311e-07 2.635149999999999881e+00
2.160002996515679463e-07 2.652662999999999993e+00
2.167555454545454637e-07 2.670834000000000152e+00
2.175160912280701454e-07 2.687996000000000052e+00
2.182819929577464726e-07 2.708388999999999935e+00
2.190533074204946817e-07 2.730077999999999783e+00
2.198300921985815739e-07 2.750939999999999941e+00
2.206124056939501688e-07 2.772114999999999885e+00
2.214003071428571482e-07 2.793960000000000221e+00
2.221938566308243643e-07 2.816707000000000072e+00
2.229931151079136492e-07 2.840606000000000186e+00
2.237981444043321265e-07 2.862712999999999841e+00
2.246090072463767864e-07 2.886870000000000047e+00
2.254257672727272695e-07 2.912313999999999847e+00
2.262484890510948562e-07 2.937949000000000144e+00
2.270772380952380872e-07 2.965397999999999978e+00
2.279120808823529592e-07 2.991112000000000215e+00
2.287530848708487053e-07 3.019235000000000113e+00
2.296003185185185045e-07 3.049138999999999822e+00
2.304538513011152586e-07 3.080127000000000059e+00
2.313137537313433145e-07 3.109516000000000169e+00
2.321800973782771450e-07 3.141110999999999986e+00
2.330529548872180243e-07 3.174103999999999814e+00
2.339323999999999488e-07 3.208368000000000109e+00
2.348185075757575614e-07 3.245429000000000119e+00
2.357113536121673031e-07 3.282795000000000130e+00
2.366110152671755544e-07 3.321814999999999962e+00
2.375175708812259981e-07 3.362820000000000142e+00
2.384310999999999651e-07 3.407122999999999902e+00
2.393516833976833978e-07 3.452472999999999903e+00
2.402794031007751988e-07 3.499521999999999800e+00
2.412143424124513134e-07 3.549272000000000205e+00
2.421565859374999761e-07 3.600229999999999819e+00
2.431062196078431847e-07 3.654293000000000013e+00
2.440633307086614191e-07 3.706809999999999938e+00
2.450280079051382835e-07 3.762100000000000222e+00
2.460003412698412699e-07 3.816609999999999836e+00
2.469804223107570133e-07 3.867027000000000214e+00
2.479683439999999912e-07 3.913958000000000048e+00
2.489642008032128254e-07 3.951429000000000080e+00
2.499680887096774032e-07 3.978915999999999897e+00
2.509801052631578886e-07 3.995118000000000169e+00
2.520003495934959506e-07 3.999384000000000050e+00
2.530289224489795980e-07 3.997180999999999873e+00
2.540659262295082255e-07 3.987998999999999850e+00
2.551114650205761573e-07 3.967960999999999849e+00
2.561656446280992012e-07 3.941921999999999926e+00
2.572285726141078758e-07 3.907742999999999967e+00
2.583003583333333043e-07 3.867182999999999815e+00
2.593811129707112928e-07 3.819280000000000008e+00
2.604709495798319609e-07 3.763687000000000005e+00
2.615699831223628264e-07 3.703178999999999998e+00
2.626783305084745109e-07 3.640175999999999856e+00
2.637961106382978146e-07 3.574622999999999884e+00
2.649234444444444527e-07 3.510584999999999845e+00
2.660604549356222643e-07 3.445228000000000179e+00
2.672072672413793041e-07 3.376163000000000025e+00
2.683640086580086341e-07 3.302506000000000164e+00
2.695308086956521966e-07 3.223057999999999979e+00
2.707077991266375963e-07 3.139244000000000145e+00
2.718951140350876553e-07 3.054108999999999963e+00
2.730928898678413870e-07 2.968510999999999900e+00
2.743012654867256695e-07 2.884266999999999914e+00
2.755203822222222477e-07 2.802624999999999922e+00
2.767503839285713559e-07 2.724073999999999884e+00
2.779914170403587590e-07 2.648814999999999920e+00
2.792436306306306837e-07 2.578120999999999885e+00
2.805071764705882004e-07 2.511889000000000038e+00
2.817822090909090208e-07 2.449495000000000200e+00
2.830688858447488549e-07 2.392097000000000140e+00
2.843673669724771226e-07 2.338715999999999795e+00
2.856778156682027617e-07 2.290194000000000063e+00
2.870003981481481571e-07 2.245951999999999948e+00
2.883352837209301645e-07 2.205853999999999981e+00
2.896826448598130263e-07 2.170053999999999927e+00
2.910426572769952792e-07 2.137255999999999823e+00
2.924154999999999492e-07 2.108372999999999831e+00
2.938013554502369110e-07 2.082720000000000127e+00
2.952004095238095133e-07 2.058838999999999864e+00
2.966128516746411748e-07 2.038225999999999871e+00
2.980388749999999828e-07 2.019714000000000009e+00
2.994786763285023465e-07 2.003407000000000160e+00
3.009324563106796123e-07 1.988723000000000019e+00
3.024004195121951513e-07 1.976331999999999978e+00
3.038827745098038750e-07 1.965349000000000013e+00
3.053797339901477231e-07 1.955584999999999907e+00
3.068915148514851146e-07 1.947003000000000039e+00
3.084183383084576997e-07 1.939453000000000094e+00
3.099604299999999758e-07 1.933375999999999983e+00
3.115180201005025143e-07 1.928461999999999898e+00
3.130913434343434152e-07 1.924150000000000027e+00
3.146806395939086368e-07 1.921224000000000043e+00
3.162861530612244975e-07 1.918919999999999959e+00
3.179081333333333221e-07 1.917165000000000008e+00
3.195468350515464345e-07 1.916476000000000068e+00
3.212025181347150510e-07 1.916767000000000110e+00
3.228754479166666701e-07 1.917667999999999928e+00
3.245658952879581006e-07 1.919238000000000000e+00
3.262741368421052711e-07 1.921875999999999918e+00
3.280004550264549913e-07 1.923829000000000011e+00
3.297451382978723079e-07 1.927858000000000072e+00
3.315084812834224428e-07 1.931715000000000071e+00
3.332907849462365200e-07 1.936620000000000008e+00
3.350923567567567463e-07 1.942042999999999964e+00
3.369135108695652325e-07 1.947902999999999940e+00
3.387545683060109144e-07 1.954868000000000050e+00
3.406158571428571308e-07 1.962209000000000092e+00
3.424977127071823168e-07 1.970115000000000061e+00
3.444004777777777567e-07 1.978593000000000046e+00
3.463245027932960845e-07 1.987929999999999975e+00
3.482701460674157043e-07 1.998024000000000022e+00
3.502377740112994361e-07 2.008760000000000101e+00
3.522277613636363289e-07 2.021033000000000079e+00
3.542404914285714160e-07 2.034259000000000039e+00
3.562763563218390897e-07 2.047899000000000136e+00
3.583357572254335096e-07 2.062769999999999992e+00
3.604191046511627453e-07 2.078805000000000014e+00
3.625268187134502953e-07 2.095601999999999965e+00
3.646593294117646712e-07 2.114866999999999830e+00
3.668170769230769508e-07 2.135048999999999975e+00
3.690005119047618255e-07 2.155130000000000212e+00
3.712100958083832844e-07 2.173734000000000055e+00
3.734463012048192645e-07 2.184020999999999990e+00
3.757096121212121512e-07 2.180198999999999998e+00
3.780005243902438729e-07 2.158333999999999975e+00
3.803195460122699615e-07 2.119758000000000031e+00
3.826671975308641565e-07 2.071839000000000208e+00
3.850440124223602808e-07 2.022990000000000066e+00
3.874505374999999830e-07 1.978126999999999969e+00
3.898873333333333715e-07 1.939116000000000062e+00
3.923549746835442926e-07 1.909874000000000072e+00
3.948540509554139819e-07 1.889415000000000067e+00
3.973851666666666791e-07 1.875412000000000079e+00
3.999489419354838875e-07 1.857737999999999889e+00
4.025460129870129776e-07 1.817247000000000057e+00
4.051770326797385529e-07 1.733468999999999927e+00
4.078426710526315889e-07 1.606970999999999927e+00
4.105436158940397353e-07 1.461632000000000042e+00
4.132805733333333187e-07 1.321523000000000003e+00
4.160542684563757872e-07 1.200037999999999938e+00
4.188654459459459461e-07 1.096294000000000102e+00
4.217148707482993123e-07 1.009071000000000051e+00
4.246033287671233089e-07 9.307060000000000333e-01
4.275316275862068230e-07 8.641349999999999865e-01
4.305005972222222621e-07 8.059169999999999945e-01
4.335110909090908215e-07 7.545859999999999790e-01
4.365639859154929453e-07 7.096510000000000318e-01
4.396601843971630948e-07 6.720559999999999867e-01
4.428006142857142965e-07 6.363830000000000320e-01
4.459862302158272983e-07 6.040860000000000118e-01
4.492180144927536786e-07 5.729149999999999521e-01
4.524969781021897124e-07 5.491059999999999830e-01
4.558241617647059184e-07 5.203980000000000272e-01
4.592006370370370090e-07 4.982159999999999922e-01
4.626275074626866290e-07 4.795400000000000218e-01
4.661059097744360486e-07 4.588240000000000096e-01
4.696370151515151228e-07 4.455760000000000276e-01
4.732220305343511089e-07 4.247839999999999949e-01
4.768621999999999302e-07 4.083280000000000243e-01
4.805588062015503976e-07 3.904610000000000025e-01
4.843131718749999522e-07 3.784919999999999951e-01
4.881266614173228382e-07 3.646400000000000197e-01
4.920006825396825399e-07 3.542870000000000186e-01
4.959366879999999824e-07 3.418160000000000087e-01
4.999361774193548065e-07 3.277209999999999845e-01
5.040006991869919011e-07 3.169179999999999775e-01
5.081318524590164509e-07 3.047940000000000094e-01
5.123312892561984024e-07 2.940200000000000036e-01
5.166007166666667145e-07 2.874140000000000028e-01
5.209418991596639218e-07 2.772160000000000180e-01
5.253566610169491276e-07 2.670299999999999896e-01
5.298468888888889054e-07 2.549679999999999724e-01
5.344145344827586081e-07 2.489520000000000066e-01
5.390616173913043932e-07 2.426770000000000038e-01
5.437902280701753107e-07 2.347490000000000132e-01
5.486025309734513389e-07 2.234410000000000007e-01
5.535007678571427118e-07 2.205300000000000038e-01
5.584872612612613674e-07 2.101770000000000027e-01
5.635644181818180415e-07 2.025859999999999883e-01
5.687347339449541394e-07 1.948630000000000084e-01
5.740007962962963142e-07 1.862749999999999961e-01
5.793652897196260527e-07 1.790750000000000119e-01
5.848309999999998984e-07 1.715530000000000110e-01
5.904008190476190267e-07 1.650780000000000025e-01
5.960777499999999656e-07 1.554260000000000086e-01
6.018649126213592246e-07 1.469610000000000083e-01
6.077655490196077500e-07 1.338739999999999930e-01
6.137830297029702291e-07 1.242879999999999957e-01
6.199208599999999516e-07 1.179540000000000033e-01
6.261826868686868304e-07 1.119789999999999952e-01
6.325723061224489950e-07 1.065129999999999966e-01
6.390936701030928689e-07 1.007750000000000035e-01
6.457508958333333402e-07 9.682999999999999940e-02
6.525482736842105422e-07 9.403999999999999859e-02
6.594902765957447217e-07 9.160200000000000287e-02
6.665815698924731459e-07 8.798799999999999677e-02
6.738270217391304650e-07 8.718900000000000261e-02
6.812317142857142616e-07 8.476599999999999413e-02
6.888009555555555135e-07 8.149900000000000200e-02
6.965402921348314086e-07 7.472900000000000376e-02
7.044555227272726578e-07 7.180400000000000671e-02
7.125527126436781795e-07 6.786999999999999977e-02
7.208382093023254906e-07 3.502999999999999864e-02
7.293186588235294482e-07 1.863000000000000073e-03
7.380010238095237569e-07 2.220999999999999884e-03
7.468926024096385290e-07 1.579999999999999916e-04
7.560010487804877458e-07 1.474999999999999966e-03
7.653343950617283130e-07 1.297999999999999892e-03
7.749010749999999659e-07 2.184999999999999876e-03
7.847099493670885851e-07 2.178999999999999947e-03
7.947703333333333581e-07 1.740999999999999926e-03
8.050920259740259551e-07 1.677000000000000105e-03
8.156853421052631777e-07 1.649999999999999991e-04
8.265611466666666374e-07 0.000000000000000000e+00
