2.066402866666666593e-07 2.443426999999999794e+00
2.073313913043478130e-07 2.454585999999999935e+00
2.080271342281878936e-07 2.463335999999999970e+00
2.087275622895622768e-07 2.479185999999999890e+00
2.094327229729729731e-07 2.493008000000000113e+00
2.101426644067796352e-07 2.503165000000000084e+00
2.108574353741496562e-07 2.514590999999999799e+00
2.115770853242320691e-07 2.527895000000000003e+00
2.123016643835616544e-07 2.546025999999999900e+00
2.130312233676975965e-07 2.564484000000000208e+00
2.137658137931034380e-07 2.577139999999999986e+00
2.145054878892733360e-07 2.596098000000000017e+00
2.152502986111111311e-07 2.611333999999999822e+00
2.160002996515679463e-07 2.632765000000000022e+00
2.167555454545454637e-07 2.649105000000000043e+00
2.175160912280701454e-07 2.668931000000000164e+00
2.182819929577464726e-07 2.690700000000000092e+00
2.190533074204946817e-07 2.711190000000000211e+00
2.198300921985815739e-07 2.732143000000000210e+00
2.206124056939501688e-07 2.753931999999999825e+00
2.214003071428571482e-07 2.776022000000000212e+00
2.221938566308243643e-07 2.798823000000000061e+00
2.229931151079136492e-07 2.821147999999999989e+00
2.237981444043321265e-07 2.845066999999999791e+00
2.246090072463767864e-07 2.869248999999999938e+00
2.254257672727272695e-07 2.893766999999999978e+00
2.262484890510948562e-07 2.920525000000000038e+00
2.270772380952380872e-07 2.945857000000000170e+00
2.279120808823529592e-07 2.974251999999999896e+00
2.287530848708487053e-07 3.000929000000000180e+00
2.296003185185185045e-07 3.030171999999999866e+00
2.304538513011152586e-07 3.060375000000000068e+00
2.313137537313433145e-07 3.090621000000000063e+00
2.321800973782771450e-07 3.121300999999999881e+00
2.330529548872180243e-07 3.154304000000000219e+00
2.339323999999999488e-07 3.187079999999999913e+00
2.348185075757575614e-07 3.221074000000000215e+00
2.357113536121673031e-07 3.257909000000000166e+00
2.366110152671755544e-07 3.296148000000000078e+00
2.375175708812259981e-07 3.334445999999999799e+00
2.384310999999999651e-07 3.376008999999999816e+00
2.393516833976833978e-07 3.418163999999999980e+00
2.402794031007751988e-07 3.462466000000000044e+00
2.412143424124513134e-07 3.508052000000000170e+00
2.421565859374999761e-07 3.555366999999999944e+00
2.431062196078431847e-07 3.603692000000000117e+00
2.440633307086614191e-07 3.653242000000000100e+00
2.450280079051382835e-07 3.704178000000000193e+00
2.460003412698412699e-07 3.752337999999999951e+00
2.469804223107570133e-07 3.801168000000000102e+00
2.479683439999999912e-07 3.845476000000000116e+00
2.489642008032128254e-07 3.884967000000000059e+00
2.499680887096774032e-07 3.916279999999999983e+00
2.509801052631578886e-07 3.938810999999999840e+00
2.520003495934959506e-07 3.951617000000000157e+00
2.530289224489795980e-07 3.956564999999999888e+00
2.540659262295082255e-07 3.956290000000000084e+00
2.551114650205761573e-07 3.949717000000000144e+00
2.561656446280992012e-07 3.935090999999999894e+00
2.572285726141078758e-07 3.911500000000000199e+00
2.583003583333333043e-07 3.880831000000000142e+00
2.593811129707112928e-07 3.842867000000000033e+00
2.604709495798319609e-07 3.798150000000000137e+00
2.615699831223628264e-07 3.745999999999999996e+00
2.626783305084745109e-07 3.685700000000000198e+00
2.637961106382978146e-07 3.616589999999999971e+00
2.649234444444444527e-07 3.538928999999999991e+00
2.660604549356222643e-07 3.454596000000000000e+00
2.672072672413793041e-07 3.363401000000000085e+00
2.683640086580086341e-07 3.270677000000000056e+00
2.695308086956521966e-07 3.176565000000000083e+00
2.707077991266375963e-07 3.082081000000000071e+00
2.718951140350876553e-07 2.990485000000000060e+00
2.730928898678413870e-07 2.901473999999999887e+00
2.743012654867256695e-07 2.815744000000000025e+00
2.755203822222222477e-07 2.733134000000000174e+00
2.767503839285713559e-07 2.655422000000000171e+00
2.779914170403587590e-07 2.582997000000000209e+00
2.792436306306306837e-07 2.514548000000000005e+00
2.805071764705882004e-07 2.451194999999999791e+00
2.817822090909090208e-07 2.392974000000000157e+00
2.830688858447488549e-07 2.339601000000000042e+00
2.843673669724771226e-07 2.291447999999999929e+00
2.856778156682027617e-07 2.247650999999999843e+00
2.870003981481481571e-07 2.208101999999999787e+00
2.883352837209301645e-07 2.171937999999999924e+00
2.896826448598130263e-07 2.139730999999999828e+00
2.910426572769952792e-07 2.110135999999999790e+00
2.924154999999999492e-07 2.083708999999999811e+00
2.938013554502369110e-07 2.059896999999999867e+00
2.952004095238095133e-07 2.039648000000000128e+00
2.966128516746411748e-07 2.021288999999999891e+00
2.980388749999999828e-07 2.004952999999999985e+00
2.994786763285023465e-07 1.990312000000000081e+00
3.009324563106796123e-07 1.976865000000000094e+00
3.024004195121951513e-07 1.965745000000000076e+00
3.038827745098038750e-07 1.955797000000000008e+00
3.053797339901477231e-07 1.946968000000000032e+00
3.068915148514851146e-07 1.939137000000000111e+00
3.084183383084576997e-07 1.932868000000000031e+00
3.099604299999999758e-07 1.927299000000000095e+00
3.115180201005025143e-07 1.922960999999999920e+00
3.130913434343434152e-07 1.919167000000000067e+00
3.146806395939086368e-07 1.917086000000000068e+00
3.162861530612244975e-07 1.915038000000000018e+00
3.179081333333333221e-07 1.914344000000000046e+00
3.195468350515464345e-07 1.914106000000000085e+00
3.212025181347150510e-07 1.914824000000000082e+00
3.228754479166666701e-07 1.916085000000000038e+00
3.245658952879581006e-07 1.917888999999999955e+00
3.262741368421052711e-07 1.920617999999999936e+00
3.280004550264549913e-07 1.924835000000000074e+00
3.297451382978723079e-07 1.929078999999999988e+00
3.315084812834224428e-07 1.933909000000000100e+00
3.332907849462365200e-07 1.939548000000000050e+00
3.350923567567567463e-07 1.945969000000000060e+00
3.369135108695652325e-07 1.952987000000000029e+00
3.387545683060109144e-07 1.960628999999999955e+00
3.406158571428571308e-07 1.969017999999999935e+00
3.424977127071823168e-07 1.978159000000000001e+00
3.444004777777777567e-07 1.988221000000000016e+00
3.463245027932960845e-07 1.998917999999999973e+00
3.482701460674157043e-07 2.010804999999999954e+00
3.502377740112994361e-07 2.024373999999999896e+00
3.522277613636363289e-07 2.038126000000000104e+00
3.542404914285714160e-07 2.053745000000000154e+00
3.562763563218390897e-07 2.070380000000000109e+00
3.583357572254335096e-07 2.087164000000000019e+00
3.604191046511627453e-07 2.104668999999999901e+00
3.625268187134502953e-07 2.121221999999999941e+00
3.646593294117646712e-07 2.133805000000000174e+00
3.668170769230769508e-07 2.138806999999999903e+00
3.690005119047618255e-07 2.132804999999999840e+00
3.712100958083832844e-07 2.112633000000000205e+00
3.734463012048192645e-07 2.080620999999999832e+00
3.757096121212121512e-07 2.040814000000000128e+00
3.780005243902438729e-07 2.000874000000000041e+00
3.803195460122699615e-07 1.963252999999999915e+00
3.826671975308641565e-07 1.930301999999999962e+00
3.850440124223602808e-07 1.902708000000000066e+00
3.874505374999999830e-07 1.878824999999999967e+00
3.898873333333333715e-07 1.855209000000000108e+00
3.923549746835442926e-07 1.820729999999999960e+00
3.948540509554139819e-07 1.761144000000000043e+00
3.973851666666666791e-07 1.671461000000000086e+00
3.999489419354838875e-07 1.556832999999999911e+00
4.025460129870129776e-07 1.430665999999999993e+00
4.051770326797385529e-07 1.307709999999999928e+00
4.078426710526315889e-07 1.196868000000000043e+00
4.105436158940397353e-07 1.098444999999999894e+00
4.132805733333333187e-07 1.012353999999999976e+00
4.160542684563757872e-07 9.384400000000000519e-01
4.188654459459459461e-07 8.746800000000000130e-01
4.217148707482993123e-07 8.175240000000000284e-01
4.246033287671233089e-07 7.666789999999999994e-01
4.275316275862068230e-07 7.215679999999999872e-01
4.305005972222222621e-07 6.811509999999999510e-01
4.335110909090908215e-07 6.435959999999999459e-01
4.365639859154929453e-07 6.127369999999999761e-01
4.396601843971630948e-07 5.826200000000000268e-01
4.428006142857142965e-07 5.562899999999999512e-01
4.459862302158272983e-07 5.301670000000000549e-01
4.492180144927536786e-07 5.063779999999999948e-01
4.524969781021897124e-07 4.828009999999999802e-01
4.558241617647059184e-07 4.635150000000000103e-01
4.592006370370370090e-07 4.457499999999999796e-01
4.626275074626866290e-07 4.313810000000000144e-01
4.661059097744360486e-07 4.186070000000000069e-01
4.696370151515151228e-07 3.977229999999999932e-01
4.732220305343511089e-07 3.870689999999999964e-01
4.768621999999999302e-07 3.673239999999999839e-01
4.805588062015503976e-07 3.559080000000000021e-01
4.843131718749999522e-07 3.421139999999999737e-01
4.881266614173228382e-07 3.269329999999999736e-01
4.920006825396825399e-07 3.173699999999999855e-01
4.959366879999999824e-07 3.053270000000000151e-01
4.999361774193548065e-07 2.976030000000000064e-01
5.040006991869919011e-07 2.889720000000000066e-01
5.081318524590164509e-07 2.766739999999999755e-01
5.123312892561984024e-07 2.674110000000000098e-01
5.166007166666667145e-07 2.582360000000000211e-01
5.209418991596639218e-07 2.495799999999999963e-01
5.253566610169491276e-07 2.420710000000000084e-01
5.298468888888889054e-07 2.364219999999999933e-01
5.344145344827586081e-07 2.317049999999999943e-01
5.390616173913043932e-07 2.265459999999999974e-01
5.437902280701753107e-07 2.212020000000000097e-01
5.486025309734513389e-07 2.165030000000000010e-01
5.535007678571427118e-07 2.131170000000000009e-01
5.584872612612613674e-07 2.090460000000000096e-01
5.635644181818180415e-07 2.021239999999999981e-01
5.687347339449541394e-07 1.936150000000000093e-01
5.740007962962963142e-07 1.851549999999999863e-01
5.793652897196260527e-07 1.778180000000000038e-01
5.848309999999998984e-07 1.715980000000000005e-01
5.904008190476190267e-07 1.666439999999999866e-01
5.960777499999999656e-07 1.627010000000000123e-01
6.018649126213592246e-07 1.588670000000000082e-01
6.077655490196077500e-07 1.539570000000000105e-01
6.137830297029702291e-07 1.501200000000000034e-01
6.199208599999999516e-07 1.450750000000000095e-01
6.261826868686868304e-07 1.395480000000000054e-01
6.325723061224489950e-07 1.326150000000000106e-01
6.390936701030928689e-07 1.236420000000000019e-01
6.457508958333333402e-07 1.177010000000000001e-01
6.525482736842105422e-07 1.112459999999999977e-01
6.594902765957447217e-07 1.009609999999999952e-01
6.665815698924731459e-07 6.868399999999999506e-02
6.738270217391304650e-07 4.026400000000000118e-02
6.812317142857142616e-07 2.025400000000000117e-02
6.888009555555555135e-07 8.666000000000000092e-03
6.965402921348314086e-07 5.385000000000000030e-03
7.044555227272726578e-07 2.471999999999999805e-03
7.125527126436781795e-07 1.350000000000000071e-03
7.208382093023254906e-07 7.799999999999999859e-04
7.293186588235294482e-07 6.000000000000000152e-05
7.380010238095237569e-07 4.600000000000000004e-05
7.468926024096385290e-07 2.699999999999999899e-05
7.560010487804877458e-07 0.000000000000000000e+00
7.653343950617283130e-07 0.000000000000000000e+00
7.749010749999999659e-07 0.000000000000000000e+00
7.847099493670885851e-07 0.000000000000000000e+00
7.947703333333333581e-07 0.000000000000000000e+00
8.050920259740259551e-07 0.000000000000000000e+00
8.156853421052631777e-07 0.000000000000000000e+00
8.265611466666666374e-07 0.000000000000000000e+00
