2.066402866666666593e-07 2.419681000000000193e+00
2.073313913043478130e-07 2.438861999999999863e+00
2.080271342281878936e-07 2.444047999999999998e+00
2.087275622895622768e-07 2.456563000000000052e+00
2.094327229729729731e-07 2.471763999999999850e+00
2.101426644067796352e-07 2.485819999999999919e+00
2.108574353741496562e-07 2.495127999999999791e+00
2.115770853242320691e-07 2.511338999999999988e+00
2.123016643835616544e-07 2.535079999999999778e+00
2.130312233676975965e-07 2.547804000000000180e+00
2.137658137931034380e-07 2.565021000000000218e+00
2.145054878892733360e-07 2.588449000000000222e+00
2.152502986111111311e-07 2.605550000000000033e+00
2.160002996515679463e-07 2.624795999999999907e+00
2.167555454545454637e-07 2.646857999999999933e+00
2.175160912280701454e-07 2.669001000000000179e+00
2.182819929577464726e-07 2.690043999999999880e+00
2.190533074204946817e-07 2.713220999999999883e+00
2.198300921985815739e-07 2.736413000000000206e+00
2.206124056939501688e-07 2.759949999999999903e+00
2.214003071428571482e-07 2.784609999999999808e+00
2.221938566308243643e-07 2.810436999999999852e+00
2.229931151079136492e-07 2.836746000000000212e+00
2.237981444043321265e-07 2.860625999999999891e+00
2.246090072463767864e-07 2.888433000000000028e+00
2.254257672727272695e-07 2.915318000000000076e+00
2.262484890510948562e-07 2.942178000000000182e+00
2.270772380952380872e-07 2.970607999999999915e+00
2.279120808823529592e-07 2.998584999999999834e+00
2.287530848708487053e-07 3.029748999999999803e+00
2.296003185185185045e-07 3.059216999999999853e+00
2.304538513011152586e-07 3.089519999999999822e+00
2.313137537313433145e-07 3.120013000000000147e+00
2.321800973782771450e-07 3.152050000000000018e+00
2.330529548872180243e-07 3.184349000000000096e+00
2.339323999999999488e-07 3.216661999999999910e+00
2.348185075757575614e-07 3.250481999999999871e+00
2.357113536121673031e-07 3.284428999999999821e+00
2.366110152671755544e-07 3.319262000000000157e+00
2.375175708812259981e-07 3.354408999999999974e+00
2.384310999999999651e-07 3.391871000000000080e+00
2.393516833976833978e-07 3.428932999999999787e+00
2.402794031007751988e-07 3.465504999999999836e+00
2.412143424124513134e-07 3.503817000000000181e+00
2.421565859374999761e-07 3.541882000000000197e+00
2.431062196078431847e-07 3.581090000000000106e+00
2.440633307086614191e-07 3.620354999999999990e+00
2.450280079051382835e-07 3.658987999999999907e+00
2.460003412698412699e-07 3.697648000000000046e+00
2.469804223107570133e-07 3.735717999999999872e+00
2.479683439999999912e-07 3.771903000000000006e+00
2.489642008032128254e-07 3.802030999999999938e+00
2.499680887096774032e-07 3.831726000000000187e+00
2.509801052631578886e-07 3.855755999999999961e+00
2.520003495934959506e-07 3.869975999999999861e+00
2.530289224489795980e-07 3.880723999999999840e+00
2.540659262295082255e-07 3.883392000000000177e+00
2.551114650205761573e-07 3.881791000000000214e+00
2.561656446280992012e-07 3.880183000000000160e+00
2.572285726141078758e-07 3.876886999999999972e+00
2.583003583333333043e-07 3.866322999999999954e+00
2.593811129707112928e-07 3.844015000000000182e+00
2.604709495798319609e-07 3.802834999999999965e+00
2.615699831223628264e-07 3.750014999999999876e+00
2.626783305084745109e-07 3.689602999999999966e+00
2.637961106382978146e-07 3.617264000000000035e+00
2.649234444444444527e-07 3.536761999999999961e+00
2.660604549356222643e-07 3.443316999999999961e+00
2.672072672413793041e-07 3.336802000000000046e+00
2.683640086580086341e-07 3.223562999999999956e+00
2.695308086956521966e-07 3.106554000000000038e+00
2.707077991266375963e-07 2.993269000000000180e+00
2.718951140350876553e-07 2.887700999999999851e+00
2.730928898678413870e-07 2.789473999999999787e+00
2.743012654867256695e-07 2.698738000000000081e+00
2.755203822222222477e-07 2.615657000000000121e+00
2.767503839285713559e-07 2.543439999999999923e+00
2.779914170403587590e-07 2.478057000000000176e+00
2.792436306306306837e-07 2.418177000000000021e+00
2.805071764705882004e-07 2.365285000000000082e+00
2.817822090909090208e-07 2.317963000000000218e+00
2.830688858447488549e-07 2.275104999999999933e+00
2.843673669724771226e-07 2.237303999999999959e+00
2.856778156682027617e-07 2.201151999999999997e+00
2.870003981481481571e-07 2.171012000000000164e+00
2.883352837209301645e-07 2.142206999999999972e+00
2.896826448598130263e-07 2.117700000000000138e+00
2.910426572769952792e-07 2.094646000000000008e+00
2.924154999999999492e-07 2.073433000000000082e+00
2.938013554502369110e-07 2.054683999999999955e+00
2.952004095238095133e-07 2.038209000000000160e+00
2.966128516746411748e-07 2.023261000000000198e+00
2.980388749999999828e-07 2.009586000000000094e+00
2.994786763285023465e-07 1.998321000000000014e+00
3.009324563106796123e-07 1.987328999999999901e+00
3.024004195121951513e-07 1.978258999999999990e+00
3.038827745098038750e-07 1.969211000000000045e+00
3.053797339901477231e-07 1.962148000000000003e+00
3.068915148514851146e-07 1.955673999999999912e+00
3.084183383084576997e-07 1.950803999999999983e+00
3.099604299999999758e-07 1.946636000000000033e+00
3.115180201005025143e-07 1.941575000000000051e+00
3.130913434343434152e-07 1.939756000000000036e+00
3.146806395939086368e-07 1.937456999999999985e+00
3.162861530612244975e-07 1.936604999999999910e+00
3.179081333333333221e-07 1.935332000000000052e+00
3.195468350515464345e-07 1.935993999999999993e+00
3.212025181347150510e-07 1.936369000000000007e+00
3.228754479166666701e-07 1.938171000000000088e+00
3.245658952879581006e-07 1.940612000000000004e+00
3.262741368421052711e-07 1.943948999999999927e+00
3.280004550264549913e-07 1.948245999999999922e+00
3.297451382978723079e-07 1.953403000000000000e+00
3.315084812834224428e-07 1.958398000000000083e+00
3.332907849462365200e-07 1.965662000000000020e+00
3.350923567567567463e-07 1.972642000000000007e+00
3.369135108695652325e-07 1.979897000000000018e+00
3.387545683060109144e-07 1.987381000000000064e+00
3.406158571428571308e-07 1.994323999999999986e+00
3.424977127071823168e-07 1.999206000000000039e+00
3.444004777777777567e-07 2.002072000000000074e+00
3.463245027932960845e-07 2.000538000000000149e+00
3.482701460674157043e-07 1.992272000000000043e+00
3.502377740112994361e-07 1.974912000000000001e+00
3.522277613636363289e-07 1.953815999999999997e+00
3.542404914285714160e-07 1.924460000000000059e+00
3.562763563218390897e-07 1.893558000000000074e+00
3.583357572254335096e-07 1.858489999999999975e+00
3.604191046511627453e-07 1.825263999999999998e+00
3.625268187134502953e-07 1.789765999999999968e+00
3.646593294117646712e-07 1.753702000000000094e+00
3.668170769230769508e-07 1.713627999999999929e+00
3.690005119047618255e-07 1.668034000000000017e+00
3.712100958083832844e-07 1.608446000000000042e+00
3.734463012048192645e-07 1.535471000000000030e+00
3.757096121212121512e-07 1.449589999999999934e+00
3.780005243902438729e-07 1.358254000000000072e+00
3.803195460122699615e-07 1.268726000000000020e+00
3.826671975308641565e-07 1.182277999999999940e+00
3.850440124223602808e-07 1.101161000000000056e+00
3.874505374999999830e-07 1.027703999999999951e+00
3.898873333333333715e-07 9.606080000000000174e-01
3.923549746835442926e-07 9.002430000000000154e-01
3.948540509554139819e-07 8.451319999999999943e-01
3.973851666666666791e-07 7.981470000000000509e-01
3.999489419354838875e-07 7.538890000000000313e-01
4.025460129870129776e-07 7.140290000000000248e-01
4.051770326797385529e-07 6.777739999999999876e-01
4.078426710526315889e-07 6.434870000000000312e-01
4.105436158940397353e-07 6.120529999999999582e-01
4.132805733333333187e-07 5.837649999999999784e-01
4.160542684563757872e-07 5.573390000000000288e-01
4.188654459459459461e-07 5.317720000000000224e-01
4.217148707482993123e-07 5.111059999999999492e-01
4.246033287671233089e-07 4.896159999999999957e-01
4.275316275862068230e-07 4.671859999999999902e-01
4.305005972222222621e-07 4.479929999999999746e-01
4.335110909090908215e-07 4.300260000000000193e-01
4.365639859154929453e-07 4.137989999999999724e-01
4.396601843971630948e-07 3.976299999999999835e-01
4.428006142857142965e-07 3.835709999999999953e-01
4.459862302158272983e-07 3.683199999999999807e-01
4.492180144927536786e-07 3.541179999999999883e-01
4.524969781021897124e-07 3.401100000000000234e-01
4.558241617647059184e-07 3.279880000000000018e-01
4.592006370370370090e-07 3.174250000000000127e-01
4.626275074626866290e-07 3.080450000000000133e-01
4.661059097744360486e-07 2.976739999999999942e-01
4.696370151515151228e-07 2.843829999999999969e-01
4.732220305343511089e-07 2.764329999999999843e-01
4.768621999999999302e-07 2.620379999999999932e-01
4.805588062015503976e-07 2.530660000000000132e-01
4.843131718749999522e-07 2.410450000000000093e-01
4.881266614173228382e-07 2.312410000000000021e-01
4.920006825396825399e-07 2.207939999999999903e-01
4.959366879999999824e-07 2.057450000000000112e-01
4.999361774193548065e-07 1.975709999999999966e-01
5.040006991869919011e-07 1.866690000000000016e-01
5.081318524590164509e-07 1.757100000000000051e-01
5.123312892561984024e-07 1.664450000000000096e-01
5.166007166666667145e-07 1.574639999999999929e-01
5.209418991596639218e-07 1.513279999999999903e-01
5.253566610169491276e-07 1.429860000000000020e-01
5.298468888888889054e-07 1.385339999999999905e-01
5.344145344827586081e-07 1.317550000000000110e-01
5.390616173913043932e-07 1.260789999999999966e-01
5.437902280701753107e-07 1.191900000000000043e-01
5.486025309734513389e-07 1.142439999999999983e-01
5.535007678571427118e-07 1.057000000000000023e-01
5.584872612612613674e-07 8.962699999999999834e-02
5.635644181818180415e-07 6.232900000000000246e-02
5.687347339449541394e-07 3.687200000000000200e-02
5.740007962962963142e-07 2.060499999999999832e-02
5.793652897196260527e-07 1.217599999999999932e-02
5.848309999999998984e-07 6.923999999999999599e-03
5.904008190476190267e-07 4.756999999999999944e-03
5.960777499999999656e-07 4.121999999999999796e-03
6.018649126213592246e-07 3.347000000000000149e-03
6.077655490196077500e-07 7.900000000000000121e-04
6.137830297029702291e-07 1.657000000000000053e-03
6.199208599999999516e-07 3.490000000000000263e-04
6.261826868686868304e-07 1.118999999999999986e-03
6.325723061224489950e-07 1.217999999999999899e-03
6.390936701030928689e-07 5.599999999999999509e-04
6.457508958333333402e-07 1.559999999999999972e-04
6.525482736842105422e-07 1.675000000000000057e-03
6.594902765957447217e-07 4.899999999999999842e-05
6.665815698924731459e-07 0.000000000000000000e+00
6.738270217391304650e-07 0.000000000000000000e+00
6.812317142857142616e-07 0.000000000000000000e+00
6.888009555555555135e-07 0.000000000000000000e+00
6.965402921348314086e-07 0.000000000000000000e+00
7.044555227272726578e-07 0.000000000000000000e+00
7.125527126436781795e-07 0.000000000000000000e+00
7.208382093023254906e-07 0.000000000000000000e+00
7.293186588235294482e-07 0.000000000000000000e+00
7.380010238095237569e-07 0.000000000000000000e+00
7.468926024096385290e-07 0.000000000000000000e+00
7.560010487804877458e-07 0.000000000000000000e+00
7.653343950617283130e-07 0.000000000000000000e+00
7.749010749999999659e-07 0.000000000000000000e+00
7.847099493670885851e-07 0.000000000000000000e+00
7.947703333333333581e-07 0.000000000000000000e+00
8.050920259740259551e-07 0.000000000000000000e+00
8.156853421052631777e-07 0.000000000000000000e+00
8.265611466666666374e-07 0.000000000000000000e+00
