2.066402866666666593e-07 2.426384999999999792e+00
2.073313913043478130e-07 2.440716000000000108e+00
2.080271342281878936e-07 2.467594000000000065e+00
2.087275622895622768e-07 2.470720000000000027e+00
2.094327229729729731e-07 2.484948999999999852e+00
2.101426644067796352e-07 2.493279999999999941e+00
2.108574353741496562e-07 2.511616000000000071e+00
2.115770853242320691e-07 2.533609000000000222e+00
2.123016643835616544e-07 2.543900999999999968e+00
2.130312233676975965e-07 2.562689999999999912e+00
2.137658137931034380e-07 2.580690999999999846e+00
2.145054878892733360e-07 2.600982999999999823e+00
2.152502986111111311e-07 2.620928999999999842e+00
2.160002996515679463e-07 2.642605000000000093e+00
2.167555454545454637e-07 2.666968999999999923e+00
2.175160912280701454e-07 2.688312999999999953e+00
2.182819929577464726e-07 2.709127000000000063e+00
2.190533074204946817e-07 2.733406000000000002e+00
2.198300921985815739e-07 2.759682000000000190e+00
2.206124056939501688e-07 2.782442000000000082e+00
2.214003071428571482e-07 2.808600999999999903e+00
2.221938566308243643e-07 2.836263999999999896e+00
2.229931151079136492e-07 2.861651000000000167e+00
2.237981444043321265e-07 2.888720000000000176e+00
2.246090072463767864e-07 2.918109999999999982e+00
2.254257672727272695e-07 2.946099999999999941e+00
2.262484890510948562e-07 2.973854999999999915e+00
2.270772380952380872e-07 3.004436999999999802e+00
2.279120808823529592e-07 3.036465999999999887e+00
2.287530848708487053e-07 3.067642000000000202e+00
2.296003185185185045e-07 3.098573000000000022e+00
2.304538513011152586e-07 3.133261000000000074e+00
2.313137537313433145e-07 3.166380999999999890e+00
2.321800973782771450e-07 3.198405000000000165e+00
2.330529548872180243e-07 3.232838000000000100e+00
2.339323999999999488e-07 3.268698000000000103e+00
2.348185075757575614e-07 3.303783999999999832e+00
2.357113536121673031e-07 3.337963999999999931e+00
2.366110152671755544e-07 3.373979999999999979e+00
2.375175708812259981e-07 3.408815999999999846e+00
2.384310999999999651e-07 3.445152000000000214e+00
2.393516833976833978e-07 3.480637999999999899e+00
2.402794031007751988e-07 3.514841000000000104e+00
2.412143424124513134e-07 3.550343999999999944e+00
2.421565859374999761e-07 3.585547000000000040e+00
2.431062196078431847e-07 3.619995999999999992e+00
2.440633307086614191e-07 3.655009000000000174e+00
2.450280079051382835e-07 3.688909000000000216e+00
2.460003412698412699e-07 3.722614000000000090e+00
2.469804223107570133e-07 3.756739000000000051e+00
2.479683439999999912e-07 3.788393000000000121e+00
2.489642008032128254e-07 3.815989000000000075e+00
2.499680887096774032e-07 3.839453999999999922e+00
2.509801052631578886e-07 3.858645000000000103e+00
2.520003495934959506e-07 3.869387999999999828e+00
2.530289224489795980e-07 3.873336000000000112e+00
2.540659262295082255e-07 3.871992999999999796e+00
2.551114650205761573e-07 3.865153999999999979e+00
2.561656446280992012e-07 3.859513999999999889e+00
2.572285726141078758e-07 3.856473999999999958e+00
2.583003583333333043e-07 3.853422999999999821e+00
2.593811129707112928e-07 3.844491000000000103e+00
2.604709495798319609e-07 3.818818999999999964e+00
2.615699831223628264e-07 3.771844999999999892e+00
2.626783305084745109e-07 3.707521999999999984e+00
2.637961106382978146e-07 3.637052999999999869e+00
2.649234444444444527e-07 3.563848999999999823e+00
2.660604549356222643e-07 3.482445999999999930e+00
2.672072672413793041e-07 3.384497999999999784e+00
2.683640086580086341e-07 3.271138000000000101e+00
2.695308086956521966e-07 3.149405999999999928e+00
2.707077991266375963e-07 3.028510999999999953e+00
2.718951140350876553e-07 2.916414000000000062e+00
2.730928898678413870e-07 2.815050999999999970e+00
2.743012654867256695e-07 2.724857999999999780e+00
2.755203822222222477e-07 2.644706999999999919e+00
2.767503839285713559e-07 2.574556999999999984e+00
2.779914170403587590e-07 2.512661000000000033e+00
2.792436306306306837e-07 2.457701999999999831e+00
2.805071764705882004e-07 2.408414000000000055e+00
2.817822090909090208e-07 2.364984999999999893e+00
2.830688858447488549e-07 2.326245000000000118e+00
2.843673669724771226e-07 2.291352999999999973e+00
2.856778156682027617e-07 2.260380000000000056e+00
2.870003981481481571e-07 2.232254999999999878e+00
2.883352837209301645e-07 2.206072999999999951e+00
2.896826448598130263e-07 2.183546999999999905e+00
2.910426572769952792e-07 2.162285999999999930e+00
2.924154999999999492e-07 2.143530000000000157e+00
2.938013554502369110e-07 2.126758000000000148e+00
2.952004095238095133e-07 2.111178000000000221e+00
2.966128516746411748e-07 2.097482999999999986e+00
2.980388749999999828e-07 2.085055999999999798e+00
2.994786763285023465e-07 2.074162999999999979e+00
3.009324563106796123e-07 2.063905999999999796e+00
3.024004195121951513e-07 2.055212000000000039e+00
3.038827745098038750e-07 2.047178999999999860e+00
3.053797339901477231e-07 2.039639999999999898e+00
3.068915148514851146e-07 2.033209999999999962e+00
3.084183383084576997e-07 2.027722999999999942e+00
3.099604299999999758e-07 2.022772999999999932e+00
3.115180201005025143e-07 2.018835999999999853e+00
3.130913434343434152e-07 2.014956000000000191e+00
3.146806395939086368e-07 2.012392999999999876e+00
3.162861530612244975e-07 2.009726000000000123e+00
3.179081333333333221e-07 2.008467000000000002e+00
3.195468350515464345e-07 2.007127999999999801e+00
3.212025181347150510e-07 2.006778999999999868e+00
3.228754479166666701e-07 2.006622999999999823e+00
3.245658952879581006e-07 2.006062000000000012e+00
3.262741368421052711e-07 2.006333999999999840e+00
3.280004550264549913e-07 2.006348000000000020e+00
3.297451382978723079e-07 2.005571999999999910e+00
3.315084812834224428e-07 2.003922000000000203e+00
3.332907849462365200e-07 1.999961000000000100e+00
3.350923567567567463e-07 1.992993000000000015e+00
3.369135108695652325e-07 1.981476000000000015e+00
3.387545683060109144e-07 1.964223999999999970e+00
3.406158571428571308e-07 1.940161999999999942e+00
3.424977127071823168e-07 1.911119999999999930e+00
3.444004777777777567e-07 1.877463000000000104e+00
3.463245027932960845e-07 1.840765999999999902e+00
3.482701460674157043e-07 1.801630999999999982e+00
3.502377740112994361e-07 1.762283999999999962e+00
3.522277613636363289e-07 1.721251000000000086e+00
3.542404914285714160e-07 1.677629000000000037e+00
3.562763563218390897e-07 1.629672999999999927e+00
3.583357572254335096e-07 1.574300000000000033e+00
3.604191046511627453e-07 1.510119999999999907e+00
3.625268187134502953e-07 1.436074999999999990e+00
3.646593294117646712e-07 1.356621999999999995e+00
3.668170769230769508e-07 1.274640999999999913e+00
3.690005119047618255e-07 1.193592999999999904e+00
3.712100958083832844e-07 1.116894999999999971e+00
3.734463012048192645e-07 1.045998999999999901e+00
3.757096121212121512e-07 9.805439999999999712e-01
3.780005243902438729e-07 9.228760000000000296e-01
3.803195460122699615e-07 8.712609999999999522e-01
3.826671975308641565e-07 8.212620000000000475e-01
3.850440124223602808e-07 7.760479999999999601e-01
3.874505374999999830e-07 7.353469999999999729e-01
3.898873333333333715e-07 6.988130000000000175e-01
3.923549746835442926e-07 6.629749999999999810e-01
3.948540509554139819e-07 6.315939999999999888e-01
3.973851666666666791e-07 6.017419999999999991e-01
3.999489419354838875e-07 5.738060000000000382e-01
4.025460129870129776e-07 5.470239999999999547e-01
4.051770326797385529e-07 5.238089999999999691e-01
4.078426710526315889e-07 5.012079999999999869e-01
4.105436158940397353e-07 4.797029999999999905e-01
4.132805733333333187e-07 4.595790000000000153e-01
4.160542684563757872e-07 4.401680000000000037e-01
4.188654459459459461e-07 4.230189999999999784e-01
4.217148707482993123e-07 4.072450000000000236e-01
4.246033287671233089e-07 3.901569999999999760e-01
4.275316275862068230e-07 3.742030000000000078e-01
4.305005972222222621e-07 3.578700000000000214e-01
4.335110909090908215e-07 3.439530000000000087e-01
4.365639859154929453e-07 3.302430000000000088e-01
4.396601843971630948e-07 3.191749999999999865e-01
4.428006142857142965e-07 3.067130000000000134e-01
4.459862302158272983e-07 2.936540000000000261e-01
4.492180144927536786e-07 2.826380000000000003e-01
4.524969781021897124e-07 2.721700000000000230e-01
4.558241617647059184e-07 2.587969999999999993e-01
4.592006370370370090e-07 2.456099999999999950e-01
4.626275074626866290e-07 2.328800000000000037e-01
4.661059097744360486e-07 2.217560000000000087e-01
4.696370151515151228e-07 2.100090000000000012e-01
4.732220305343511089e-07 1.972599999999999909e-01
4.768621999999999302e-07 1.841559999999999864e-01
4.805588062015503976e-07 1.730790000000000106e-01
4.843131718749999522e-07 1.628080000000000083e-01
4.881266614173228382e-07 1.509510000000000018e-01
4.920006825396825399e-07 1.399120000000000086e-01
4.959366879999999824e-07 1.292329999999999868e-01
4.999361774193548065e-07 1.178059999999999941e-01
5.040006991869919011e-07 1.077469999999999956e-01
5.081318524590164509e-07 9.563299999999999579e-02
5.123312892561984024e-07 8.530899999999999594e-02
5.166007166666667145e-07 6.992600000000000204e-02
5.209418991596639218e-07 5.276700000000000140e-02
5.253566610169491276e-07 2.753799999999999998e-02
5.298468888888889054e-07 1.292100000000000019e-02
5.344145344827586081e-07 4.199999999999999740e-03
5.390616173913043932e-07 1.910999999999999938e-03
5.437902280701753107e-07 2.220000000000000022e-04
5.486025309734513389e-07 1.128000000000000096e-03
5.535007678571427118e-07 1.034999999999999896e-03
5.584872612612613674e-07 1.675000000000000057e-03
5.635644181818180415e-07 2.939999999999999905e-04
5.687347339449541394e-07 9.300000000000000541e-04
5.740007962962963142e-07 2.429999999999999977e-04
5.793652897196260527e-07 6.859999999999999779e-04
5.848309999999998984e-07 1.262000000000000101e-03
5.904008190476190267e-07 2.429999999999999977e-04
5.960777499999999656e-07 6.319999999999999663e-04
6.018649126213592246e-07 3.000000000000000076e-06
6.077655490196077500e-07 0.000000000000000000e+00
6.137830297029702291e-07 0.000000000000000000e+00
6.199208599999999516e-07 0.000000000000000000e+00
6.261826868686868304e-07 0.000000000000000000e+00
6.325723061224489950e-07 0.000000000000000000e+00
6.390936701030928689e-07 0.000000000000000000e+00
6.457508958333333402e-07 0.000000000000000000e+00
6.525482736842105422e-07 0.000000000000000000e+00
6.594902765957447217e-07 0.000000000000000000e+00
6.665815698924731459e-07 0.000000000000000000e+00
6.738270217391304650e-07 0.000000000000000000e+00
6.812317142857142616e-07 0.000000000000000000e+00
6.888009555555555135e-07 0.000000000000000000e+00
6.965402921348314086e-07 0.000000000000000000e+00
7.044555227272726578e-07 0.000000000000000000e+00
7.125527126436781795e-07 0.000000000000000000e+00
7.208382093023254906e-07 0.000000000000000000e+00
7.293186588235294482e-07 0.000000000000000000e+00
7.380010238095237569e-07 0.000000000000000000e+00
7.468926024096385290e-07 0.000000000000000000e+00
7.560010487804877458e-07 0.000000000000000000e+00
7.653343950617283130e-07 0.000000000000000000e+00
7.749010749999999659e-07 0.000000000000000000e+00
7.847099493670885851e-07 0.000000000000000000e+00
7.947703333333333581e-07 0.000000000000000000e+00
8.050920259740259551e-07 0.000000000000000000e+00
8.156853421052631777e-07 0.000000000000000000e+00
8.265611466666666374e-07 0.000000000000000000e+00
