2.066402866666666593e-07 2.408634999999999859e+00
2.073313913043478130e-07 2.425231000000000137e+00
2.080271342281878936e-07 2.437053999999999832e+00
2.087275622895622768e-07 2.449338000000000015e+00
2.094327229729729731e-07 2.459856999999999960e+00
2.101426644067796352e-07 2.475115000000000176e+00
2.108574353741496562e-07 2.488745000000000207e+00
2.115770853242320691e-07 2.505797999999999970e+00
2.123016643835616544e-07 2.525155999999999956e+00
2.130312233676975965e-07 2.541649000000000047e+00
2.137658137931034380e-07 2.560093999999999870e+00
2.145054878892733360e-07 2.579203000000000134e+00
2.152502986111111311e-07 2.600473000000000035e+00
2.160002996515679463e-07 2.622415999999999858e+00
2.167555454545454637e-07 2.642255000000000020e+00
2.175160912280701454e-07 2.666583000000000148e+00
2.182819929577464726e-07 2.691016999999999992e+00
2.190533074204946817e-07 2.714820000000000011e+00
2.198300921985815739e-07 2.738823000000000008e+00
2.206124056939501688e-07 2.767717000000000205e+00
2.214003071428571482e-07 2.791589000000000098e+00
2.221938566308243643e-07 2.818798000000000137e+00
2.229931151079136492e-07 2.846712999999999827e+00
2.237981444043321265e-07 2.874824999999999964e+00
2.246090072463767864e-07 2.904395000000000060e+00
2.254257672727272695e-07 2.934760999999999953e+00
2.262484890510948562e-07 2.965336999999999890e+00
2.270772380952380872e-07 2.999766000000000155e+00
2.279120808823529592e-07 3.032513999999999932e+00
2.287530848708487053e-07 3.068017999999999912e+00
2.296003185185185045e-07 3.104239000000000193e+00
2.304538513011152586e-07 3.142183000000000170e+00
2.313137537313433145e-07 3.179307000000000105e+00
2.321800973782771450e-07 3.216152000000000122e+00
2.330529548872180243e-07 3.254535999999999873e+00
2.339323999999999488e-07 3.293327999999999811e+00
2.348185075757575614e-07 3.330937000000000037e+00
2.357113536121673031e-07 3.367087999999999859e+00
2.366110152671755544e-07 3.404513999999999818e+00
2.375175708812259981e-07 3.440809999999999924e+00
2.384310999999999651e-07 3.475461000000000134e+00
2.393516833976833978e-07 3.509609999999999896e+00
2.402794031007751988e-07 3.541881000000000057e+00
2.412143424124513134e-07 3.575438000000000116e+00
2.421565859374999761e-07 3.605436000000000085e+00
2.431062196078431847e-07 3.634532000000000096e+00
2.440633307086614191e-07 3.662260999999999989e+00
2.450280079051382835e-07 3.688883999999999830e+00
2.460003412698412699e-07 3.714884000000000075e+00
2.469804223107570133e-07 3.740511999999999837e+00
2.479683439999999912e-07 3.762865000000000126e+00
2.489642008032128254e-07 3.783535000000000093e+00
2.499680887096774032e-07 3.800384999999999902e+00
2.509801052631578886e-07 3.810394000000000059e+00
2.520003495934959506e-07 3.815249999999999808e+00
2.530289224489795980e-07 3.814588999999999785e+00
2.540659262295082255e-07 3.807180999999999926e+00
2.551114650205761573e-07 3.797019999999999840e+00
2.561656446280992012e-07 3.783923999999999843e+00
2.572285726141078758e-07 3.773684999999999956e+00
2.583003583333333043e-07 3.764879999999999782e+00
2.593811129707112928e-07 3.756562999999999874e+00
2.604709495798319609e-07 3.742109000000000130e+00
2.615699831223628264e-07 3.710999000000000159e+00
2.626783305084745109e-07 3.655933000000000099e+00
2.637961106382978146e-07 3.582209000000000199e+00
2.649234444444444527e-07 3.500773000000000135e+00
2.660604549356222643e-07 3.418680999999999859e+00
2.672072672413793041e-07 3.333622999999999781e+00
2.683640086580086341e-07 3.237315999999999860e+00
2.695308086956521966e-07 3.127371999999999819e+00
2.707077991266375963e-07 3.011511000000000049e+00
2.718951140350876553e-07 2.901178999999999952e+00
2.730928898678413870e-07 2.801642999999999883e+00
2.743012654867256695e-07 2.714043000000000205e+00
2.755203822222222477e-07 2.639279999999999848e+00
2.767503839285713559e-07 2.574092999999999964e+00
2.779914170403587590e-07 2.518199000000000076e+00
2.792436306306306837e-07 2.468812999999999924e+00
2.805071764705882004e-07 2.426393000000000022e+00
2.817822090909090208e-07 2.388821000000000083e+00
2.830688858447488549e-07 2.355067000000000021e+00
2.843673669724771226e-07 2.326176999999999939e+00
2.856778156682027617e-07 2.300016999999999978e+00
2.870003981481481571e-07 2.277394000000000140e+00
2.883352837209301645e-07 2.256334999999999980e+00
2.896826448598130263e-07 2.238172000000000050e+00
2.910426572769952792e-07 2.222001999999999811e+00
2.924154999999999492e-07 2.206773999999999791e+00
2.938013554502369110e-07 2.194345000000000212e+00
2.952004095238095133e-07 2.183481000000000005e+00
2.966128516746411748e-07 2.173418999999999990e+00
2.980388749999999828e-07 2.164334000000000202e+00
2.994786763285023465e-07 2.156829000000000107e+00
3.009324563106796123e-07 2.150068000000000090e+00
3.024004195121951513e-07 2.143750999999999962e+00
3.038827745098038750e-07 2.138333999999999957e+00
3.053797339901477231e-07 2.133300999999999892e+00
3.068915148514851146e-07 2.128372000000000153e+00
3.084183383084576997e-07 2.123721999999999888e+00
3.099604299999999758e-07 2.119132000000000016e+00
3.115180201005025143e-07 2.114297999999999789e+00
3.130913434343434152e-07 2.109901999999999944e+00
3.146806395939086368e-07 2.104627999999999943e+00
3.162861530612244975e-07 2.098488999999999827e+00
3.179081333333333221e-07 2.091666000000000025e+00
3.195468350515464345e-07 2.082821000000000033e+00
3.212025181347150510e-07 2.071382999999999974e+00
3.228754479166666701e-07 2.057120999999999977e+00
3.245658952879581006e-07 2.037440000000000140e+00
3.262741368421052711e-07 2.013328000000000007e+00
3.280004550264549913e-07 1.982971999999999957e+00
3.297451382978723079e-07 1.948058000000000067e+00
3.315084812834224428e-07 1.909032000000000062e+00
3.332907849462365200e-07 1.865245999999999960e+00
3.350923567567567463e-07 1.819638000000000089e+00
3.369135108695652325e-07 1.773795999999999928e+00
3.387545683060109144e-07 1.726150000000000073e+00
3.406158571428571308e-07 1.675362000000000018e+00
3.424977127071823168e-07 1.620187999999999962e+00
3.444004777777777567e-07 1.561012000000000066e+00
3.463245027932960845e-07 1.492995999999999990e+00
3.482701460674157043e-07 1.424353999999999898e+00
3.502377740112994361e-07 1.349334999999999951e+00
3.522277613636363289e-07 1.271014000000000088e+00
3.542404914285714160e-07 1.199167000000000094e+00
3.562763563218390897e-07 1.128314000000000039e+00
3.583357572254335096e-07 1.062005000000000088e+00
3.604191046511627453e-07 1.001006999999999980e+00
3.625268187134502953e-07 9.438149999999999595e-01
3.646593294117646712e-07 8.903619999999999868e-01
3.668170769230769508e-07 8.435810000000000253e-01
3.690005119047618255e-07 7.975989999999999469e-01
3.712100958083832844e-07 7.564039999999999653e-01
3.734463012048192645e-07 7.187970000000000192e-01
3.757096121212121512e-07 6.845229999999999926e-01
3.780005243902438729e-07 6.514830000000000343e-01
3.803195460122699615e-07 6.209890000000000132e-01
3.826671975308641565e-07 5.925620000000000331e-01
3.850440124223602808e-07 5.665850000000000053e-01
3.874505374999999830e-07 5.407340000000000479e-01
3.898873333333333715e-07 5.175699999999999745e-01
3.923549746835442926e-07 4.961169999999999747e-01
3.948540509554139819e-07 4.742330000000000156e-01
3.973851666666666791e-07 4.551560000000000050e-01
3.999489419354838875e-07 4.369299999999999851e-01
4.025460129870129776e-07 4.194039999999999990e-01
4.051770326797385529e-07 3.998249999999999860e-01
4.078426710526315889e-07 3.832599999999999896e-01
4.105436158940397353e-07 3.686019999999999852e-01
4.132805733333333187e-07 3.528850000000000042e-01
4.160542684563757872e-07 3.365110000000000046e-01
4.188654459459459461e-07 3.239049999999999985e-01
4.217148707482993123e-07 3.076160000000000005e-01
4.246033287671233089e-07 2.920690000000000230e-01
4.275316275862068230e-07 2.760929999999999773e-01
4.305005972222222621e-07 2.607030000000000181e-01
4.335110909090908215e-07 2.455320000000000003e-01
4.365639859154929453e-07 2.336419999999999886e-01
4.396601843971630948e-07 2.190209999999999935e-01
4.428006142857142965e-07 2.046890000000000098e-01
4.459862302158272983e-07 1.922870000000000135e-01
4.492180144927536786e-07 1.858339999999999992e-01
4.524969781021897124e-07 1.737740000000000118e-01
4.558241617647059184e-07 1.671509999999999940e-01
4.592006370370370090e-07 1.607200000000000017e-01
4.626275074626866290e-07 1.523859999999999937e-01
4.661059097744360486e-07 1.450799999999999867e-01
4.696370151515151228e-07 1.342140000000000000e-01
4.732220305343511089e-07 1.202479999999999938e-01
4.768621999999999302e-07 1.039790000000000020e-01
4.805588062015503976e-07 8.457399999999999640e-02
4.843131718749999522e-07 6.431800000000000017e-02
4.881266614173228382e-07 4.150800000000000323e-02
4.920006825396825399e-07 2.399700000000000097e-02
4.959366879999999824e-07 1.291899999999999993e-02
4.999361774193548065e-07 5.022999999999999687e-03
5.040006991869919011e-07 2.557999999999999944e-03
5.081318524590164509e-07 3.763999999999999985e-03
5.123312892561984024e-07 4.189000000000000015e-03
5.166007166666667145e-07 3.474000000000000091e-03
5.209418991596639218e-07 2.579999999999999828e-03
5.253566610169491276e-07 3.589999999999999875e-03
5.298468888888889054e-07 4.246999999999999907e-03
5.344145344827586081e-07 3.216000000000000109e-03
5.390616173913043932e-07 2.735000000000000018e-03
5.437902280701753107e-07 2.920999999999999985e-03
5.486025309734513389e-07 8.009999999999999542e-04
5.535007678571427118e-07 1.099999999999999971e-05
5.584872612612613674e-07 0.000000000000000000e+00
5.635644181818180415e-07 0.000000000000000000e+00
5.687347339449541394e-07 0.000000000000000000e+00
5.740007962962963142e-07 0.000000000000000000e+00
5.793652897196260527e-07 0.000000000000000000e+00
5.848309999999998984e-07 0.000000000000000000e+00
5.904008190476190267e-07 0.000000000000000000e+00
5.960777499999999656e-07 0.000000000000000000e+00
6.018649126213592246e-07 0.000000000000000000e+00
6.077655490196077500e-07 0.000000000000000000e+00
6.137830297029702291e-07 0.000000000000000000e+00
6.199208599999999516e-07 0.000000000000000000e+00
6.261826868686868304e-07 0.000000000000000000e+00
6.325723061224489950e-07 0.000000000000000000e+00
6.390936701030928689e-07 0.000000000000000000e+00
6.457508958333333402e-07 0.000000000000000000e+00
6.525482736842105422e-07 0.000000000000000000e+00
6.594902765957447217e-07 0.000000000000000000e+00
6.665815698924731459e-07 0.000000000000000000e+00
6.738270217391304650e-07 0.000000000000000000e+00
6.812317142857142616e-07 0.000000000000000000e+00
6.888009555555555135e-07 0.000000000000000000e+00
6.965402921348314086e-07 0.000000000000000000e+00
7.044555227272726578e-07 0.000000000000000000e+00
7.125527126436781795e-07 0.000000000000000000e+00
7.208382093023254906e-07 0.000000000000000000e+00
7.293186588235294482e-07 0.000000000000000000e+00
7.380010238095237569e-07 0.000000000000000000e+00
7.468926024096385290e-07 0.000000000000000000e+00
7.560010487804877458e-07 0.000000000000000000e+00
7.653343950617283130e-07 0.000000000000000000e+00
7.749010749999999659e-07 0.000000000000000000e+00
7.847099493670885851e-07 0.000000000000000000e+00
7.947703333333333581e-07 0.000000000000000000e+00
8.050920259740259551e-07 0.000000000000000000e+00
8.156853421052631777e-07 0.000000000000000000e+00
8.265611466666666374e-07 0.000000000000000000e+00
