[0.000]
file = 0.000_AlGaAs_k.txt
1 = 2.0508354788227583e-07 2.472
2 = 2.499098354839273e-07 4.09708031564842
3 = 2.505452043136549e-07 4.099354572794706
4 = 2.7557873620492284e-07 2.915707165909639
5 = 3.062035137977939e-07 1.93889909492089
6 = 3.8778487153481944e-07 2.285241068499417
7 = 4.204428293828188e-07 1.8645603428710293
8 = 4.7437360350511267e-07 0.5573069803280507
9 = 7.736896152652201e-07 0.09145142407166967
10 = 8.260122085806116e-07 0.08018697845555335
11 = 8.860607625639112e-07 0.0017230499751342988

[0.099]
file = 0.099_AlGaAs_k.txt
1 = 2.0508354788227583e-07 2.457366
2 = 2.511805731433825e-07 4.049436826813203
3 = 2.527054583347288e-07 4.039411237868847
4 = 2.718935969925027e-07 3.105286326604493
5 = 3.059493662659028e-07 1.9577857263951282
6 = 3.820665520672709e-07 2.2468136890129102
7 = 4.1027692810717695e-07 1.902590817817229
8 = 4.651402046847494e-07 0.5311706504164156
9 = 7.163655975887985e-07 0.08806542623997148
10 = 7.706118156584323e-07 0.06303655968070399
11 = 7.922789411999081e-07 0.014141824865354494

[0.198]
file = 0.198_AlGaAs_k.txt
1 = 2.0508354788227583e-07 2.457233
2 = 2.524513108028378e-07 3.9984181301164194
3 = 2.542303435260751e-07 3.984847903343661
4 = 2.694791954395378e-07 3.226572372505558
5 = 3.059493662659028e-07 1.9523513407339306
6 = 3.739338310467574e-07 2.1831977198035446
7 = 3.9960273176775306e-07 1.8601246828652647
8 = 4.5629153081523465e-07 0.5173275850131696
9 = 6.490387311903167e-07 0.09548050011236324
10 = 7.113641732277684e-07 0.0684474489805057
11 = 7.277700582963453e-07 0.007919569708562401

[0.315]
file = 0.315_AlGaAs_k.txt
1 = 2.0508354788227583e-07 2.443427
2 = 2.5435741729202065e-07 3.9544574799918837
3 = 2.546115648239117e-07 3.9528597279606905
4 = 2.688438266098102e-07 3.2319757438951857
5 = 3.0569521873401176e-07 1.9453337942150335
6 = 3.669447739197537e-07 2.1384559763237823
7 = 3.9248660087480376e-07 1.8175916090990623
8 = 4.5205955635590156e-07 0.48594622932872994
9 = 6.363428078123173e-07 0.12742701911691995
10 = 6.571179551581345e-07 0.10447573865637279
11 = 7.288542412022876e-07 9.942959467632939e-05

[0.419]
file = 0.419_AlGaAs_k.txt
1 = 2.0508354788227583e-07 2.440081
2 = 2.527054583347288e-07 3.9339419047348074
3 = 2.5778840897254976e-07 3.9183591727589038
4 = 2.689709003757557e-07 3.2058143459538613
5 = 3.0480570237239307e-07 1.957122706165484
6 = 3.576683890057306e-07 2.084437842405555
7 = 3.8308314219483513e-07 1.7640794531576527
8 = 4.4244143258468984e-07 0.47409964466929505
9 = 5.867132891528649e-07 0.10408951757874896
10 = 6.140287606631062e-07 0.07435528490110227
11 = 6.65429541204667e-07 0.0001321565989889893

[0.491]
file = 0.491_AlGaAs_k.txt
1 = 2.0508354788227583e-07 2.41844
2 = 2.5346790093040196e-07 3.906889789026079
3 = 2.589320728660595e-07 3.882629226576928
4 = 2.6871675284386474e-07 3.221801210556216
5 = 3.0404325977672003e-07 1.9694970122885418
6 = 3.504251843468358e-07 2.047425426840658
7 = 3.7711067519539555e-07 1.7167576409030245
8 = 4.3820945812535674e-07 0.4570722373892326
9 = 5.624756172494115e-07 0.1344393557635473
10 = 5.870980141037135e-07 0.09531675430647359
11 = 6.123045788134976e-07 0.0017186128151081195

[0.590]
file = 0.590_AlGaAs_k.txt
1 = 2.0508354788227583e-07 2.419681
2 = 2.5321375339851093e-07 3.881199532474046
3 = 2.591862203979505e-07 3.848037803477111
4 = 2.6922504790764675e-07 3.137216292500421
5 = 3.0353496471293786e-07 1.9713339618054517
6 = 3.46104676304688e-07 2.000713264786479
7 = 3.6910502794082757e-07 1.6652154143165705
8 = 4.3205385891178123e-07 0.4387229414384972
9 = 5.205405976069288e-07 0.15189521557583793
10 = 5.528574934781999e-07 0.10682206420885598
11 = 6.05257389924873e-07 0.001876893408165348

[0.700]
file = 0.700_AlGaAs_k.txt
1 = 2.0508354788227583e-07 2.426385
2 = 2.5321375339851093e-07 3.873096629642937
3 = 2.598215892276781e-07 3.834115218553297
4 = 2.6998749050331995e-07 3.1024977621039906
5 = 3.0277252211726477e-07 2.053195546295357
6 = 3.321265620506805e-07 2.00254837441072
7 = 3.576683890057306e-07 1.592244141116532
8 = 4.2358990999311493e-07 0.3961523441931295
9 = 4.897626015390513e-07 0.14628939841514335
10 = 5.097682989831716e-07 0.09160991911288796
11 = 5.423747813802237e-07 0.0007275796769251747

[0.804]
file = 0.804_AlGaAs_k.txt
1 = 2.0508354788227583e-07 2.408635
2 = 2.5168886820716464e-07 3.8137674594290334
3 = 2.614735481849699e-07 3.713728753721061
4 = 2.7036871180115647e-07 3.0448901979809726
5 = 3.020100795215916e-07 2.145430727201674
6 = 3.185296690945096e-07 2.0883112199649863
7 = 3.4699419266630663e-07 1.4693694427196111
8 = 4.1204816146766096e-07 0.3599621350020601
9 = 4.512901064542046e-07 0.17821286355823387
10 = 4.7206525380002183e-07 0.12475440852170147
11 = 5.044283796722456e-07 0.002682851979883859

[1.000]
file = 1.000_AlGaAs_k.txt
1 = 2.1896612650815286e-07 2.75
2 = 2.4292077835692356e-07 3.8525359304108946
3 = 2.56136450015258e-07 4.048948646570954
4 = 2.706228593330475e-07 2.9936769132634327
5 = 2.7977217048112515e-07 2.5366651852054747
6 = 3.025183745853737e-07 2.6777685985304167
7 = 3.265353163490775e-07 1.2812347701272744
8 = 3.635728176607541e-07 0.24221298169221145
9 = 3.847326899574198e-07 0.11784972004761575
10 = 4.0666201215578244e-07 0.110481278334887
11 = 4.3558276514491385e-07 0.021751760193350143

