2.066402866666666593e-07 1.264000000000000012e+00
2.083767596638655528e-07 1.272828000000000070e+00
2.101426644067796352e-07 1.288000000000000034e+00
2.119387555555555569e-07 1.300124999999999975e+00
2.137658137931034115e-07 1.310999999999999943e+00
2.156246469565217361e-07 1.317938000000000054e+00
2.175160912280701454e-07 1.324999999999999956e+00
2.194410123893804932e-07 1.335749999999999993e+00
2.214003071428571218e-07 1.348999999999999977e+00
2.233949045045044887e-07 1.364562000000000053e+00
2.254257672727272695e-07 1.383000000000000007e+00
2.274938935779816346e-07 1.404312999999999922e+00
2.296003185185185045e-07 1.429999999999999938e+00
2.317461158878504423e-07 1.461187999999999931e+00
2.339323999999999488e-07 1.499000000000000110e+00
2.361603276190476107e-07 1.540624999999999911e+00
2.384310999999999651e-07 1.598999999999999977e+00
2.407459650485436792e-07 1.677311999999999914e+00
2.431062196078430788e-07 1.802000000000000046e+00
2.455132118811881022e-07 2.011623999999999857e+00
2.479683439999999912e-07 2.273000000000000131e+00
2.504730747474747322e-07 2.582688999999999790e+00
2.530289224489795980e-07 2.890000000000000124e+00
2.556374680412370629e-07 3.138564000000000132e+00
2.583003583333333573e-07 3.342000000000000082e+00
2.610193094736841957e-07 3.487563000000000191e+00
2.637961106382978146e-07 3.597999999999999865e+00
2.666326279569892054e-07 3.690500000000000114e+00
2.695308086956521436e-07 3.769000000000000128e+00
2.724926857142857046e-07 3.845311999999999841e+00
2.755203822222222477e-07 3.912999999999999812e+00
2.786161168539325952e-07 3.977749999999999897e+00
2.817822090909090208e-07 4.014999999999999680e+00
2.850210850574713036e-07 3.991436999999999902e+00
2.883352837209301645e-07 3.939000000000000057e+00
2.917274635294117793e-07 3.877124999999999932e+00
2.952004095238095133e-07 3.810000000000000053e+00
2.987570409638554328e-07 3.748625000000000096e+00
3.024004195121951513e-07 3.692000000000000171e+00
3.061337580246913040e-07 3.643063000000000162e+00
3.099604299999999758e-07 3.600999999999999979e+00
3.138839797468353917e-07 3.566124999999999989e+00
3.179081333333333221e-07 3.537999999999999812e+00
3.220368103896103926e-07 3.516561999999999966e+00
3.262741368421052711e-07 3.500999999999999890e+00
3.306244586666666549e-07 3.490061999999999998e+00
3.350923567567567463e-07 3.484999999999999876e+00
3.396826630136985942e-07 3.486749999999999794e+00
3.444004777777777567e-07 3.495000000000000107e+00
3.492511887323943456e-07 3.509561999999999848e+00
3.542404914285714160e-07 3.531000000000000139e+00
3.593744115942028582e-07 3.558688000000000073e+00
3.646593294117646712e-07 3.596000000000000085e+00
3.701020059701492185e-07 3.642250000000000210e+00
3.757096121212120453e-07 3.709000000000000075e+00
3.814897600000000394e-07 3.803374999999999950e+00
3.874505374999999830e-07 3.938000000000000167e+00
3.936005460317460001e-07 4.161311999999999678e+00
3.999489419354838875e-07 4.373000000000000220e+00
4.065054819672130760e-07 4.434249999999999581e+00
4.132805733333333187e-07 4.509000000000000341e+00
4.202853288135592703e-07 4.794813000000000436e+00
4.275316275862068230e-07 5.051999999999999602e+00
4.350321824561402909e-07 5.056000000000000050e+00
4.428006142857142435e-07 4.958999999999999631e+00
4.508515345454545391e-07 4.833312000000000275e+00
4.592006370370370090e-07 4.693999999999999950e+00
4.678648000000000563e-07 4.586375000000000313e+00
4.768621999999999302e-07 4.491999999999999993e+00
4.862124392156861576e-07 4.407875999999999905e+00
4.959366879999999824e-07 4.333000000000000185e+00
5.060578448979591960e-07 4.265625000000000000e+00
5.166007166666666087e-07 4.205000000000000071e+00
5.275922212765956291e-07 4.149937000000000431e+00
5.390616173913043932e-07 4.099999999999999645e+00
5.510407644444444955e-07 4.054499999999999993e+00
5.635644181818180415e-07 4.012999999999999901e+00
5.766705674418603289e-07 3.974937000000000165e+00
5.904008190476190267e-07 3.939999999999999947e+00
6.048008390243903025e-07 3.907687000000000133e+00
6.199208599999999516e-07 3.878000000000000114e+00
6.358162666666666441e-07 3.850687999999999889e+00
6.525482736842105422e-07 3.826000000000000068e+00
6.701847135135134926e-07 3.804937999999999931e+00
6.888009555555555135e-07 3.785000000000000142e+00
7.084809828571428320e-07 3.763561999999999852e+00
7.293186588235293423e-07 3.741999999999999993e+00
7.514192242424240907e-07 3.720438000000000134e+00
7.749010749999999659e-07 3.700000000000000178e+00
7.998978838709677751e-07 3.683625000000000149e+00
8.265611466666666374e-07 3.665999999999999925e+00
8.550632551724136460e-07 3.642574999999999896e+00
8.856012285714285930e-07 3.613999999999999879e+00
9.184012740740740180e-07 3.576074999999999893e+00
9.537243999999998603e-07 3.538800000000000168e+00
9.918733759999999648e-07 3.513037000000000187e+00
1.033201433333333217e-06 3.491999999999999993e+00
1.078123234782608786e-06 3.472338000000000147e+00
1.127128836363636083e-06 3.454600000000000115e+00
1.180801638095238053e-06 3.438231000000000037e+00
1.239841719999999903e-06 3.423200000000000021e+00
1.305096547368421084e-06 3.409311999999999898e+00
1.377601911111111027e-06 3.396500000000000075e+00
1.458637317647058685e-06 3.384644000000000208e+00
1.549802149999999932e-06 3.373699999999999921e+00
1.653122293333333275e-06 3.363605999999999874e+00
1.771202457142857186e-06 3.354299999999999837e+00
1.907448799999999721e-06 3.345695000000000086e+00
2.066402866666666858e-06 3.337800000000000100e+00
2.254257672727272166e-06 3.330600000000000005e+00
2.479683439999999806e-06 3.323999999999999844e+00
