2.496099999999999985e-07 3.741659999999999986e+00
2.518400000000000083e-07 3.687809999999999810e+00
2.547599999999999865e-07 3.558629999999999960e+00
2.574199999999999822e-07 3.407910000000000217e+00
2.597900000000000209e-07 3.289499999999999869e+00
2.629000000000000226e-07 3.084940000000000015e+00
2.646600000000000064e-07 2.923439999999999817e+00
2.664400000000000102e-07 2.826560000000000183e+00
2.704599999999999782e-07 2.621999999999999886e+00
2.738300000000000178e-07 2.428249999999999797e+00
2.784599999999999853e-07 2.266750000000000043e+00
2.824400000000000244e-07 2.148350000000000204e+00
2.873700000000000143e-07 2.062190000000000190e+00
2.946500000000000230e-07 1.954560000000000075e+00
3.027799999999999936e-07 1.868440000000000101e+00
3.103899999999999992e-07 1.857660000000000089e+00
3.178799999999999959e-07 1.857660000000000089e+00
3.290000000000000147e-07 1.857660000000000089e+00
3.432899999999999840e-07 1.868440000000000101e+00
3.556400000000000117e-07 1.846870000000000012e+00
3.628299999999999859e-07 1.825339999999999963e+00
3.689200000000000257e-07 1.739249999999999963e+00
3.773799999999999932e-07 1.620810000000000084e+00
3.862300000000000177e-07 1.394749999999999934e+00
3.900399999999999978e-07 1.190190000000000081e+00
3.947300000000000253e-07 1.045369999999999910e+00
4.011399999999999966e-07 8.874900000000000011e-01
4.100199999999999956e-07 7.152800000000000269e-01
4.253199999999999759e-07 5.573700000000000321e-01
4.378799999999999915e-07 4.712500000000000022e-01
4.553800000000000070e-07 3.851600000000000024e-01
4.758399999999999852e-07 3.420900000000000052e-01
5.102499999999999813e-07 2.272500000000000075e-01
5.439599999999999991e-07 2.129099999999999882e-01
5.734200000000000408e-07 1.698399999999999910e-01
5.856200000000000294e-07 1.714900000000000035e-01
6.060499999999999776e-07 1.742499999999999882e-01
6.080400000000000249e-07 1.730500000000000094e-01
6.097399999999999487e-07 1.712599999999999956e-01
6.122199999999999864e-07 1.706600000000000061e-01
6.142600000000000282e-07 1.676700000000000135e-01
6.169400000000000439e-07 1.670699999999999963e-01
6.198000000000000176e-07 1.658699999999999897e-01
6.233400000000000052e-07 1.640699999999999936e-01
6.259400000000000519e-07 1.604800000000000115e-01
6.297099999999999920e-07 1.568900000000000017e-01
6.335199999999999720e-07 1.521000000000000130e-01
6.360400000000000498e-07 1.484999999999999931e-01
6.390799999999999814e-07 1.443099999999999938e-01
6.411299999999999777e-07 1.401199999999999946e-01
6.437100000000000044e-07 1.329400000000000026e-01
6.461299999999999821e-07 1.275499999999999967e-01
6.478699999999999459e-07 1.215600000000000014e-01
6.501500000000000057e-07 1.149700000000000027e-01
6.520899999999999475e-07 1.059900000000000009e-01
6.538599999999999968e-07 9.819999999999999563e-02
6.556499999999999551e-07 8.802000000000000102e-02
6.576199999999999823e-07 7.843999999999999584e-02
6.594200000000000061e-07 6.707000000000000461e-02
6.610599999999999810e-07 5.628999999999999976e-02
6.630700000000000482e-07 4.311000000000000248e-02
6.650800000000000045e-07 2.874000000000000166e-02
6.663700000000000179e-07 2.035999999999999963e-02
6.667399999999999993e-07 1.677000000000000018e-02
6.676499999999999657e-07 1.111000000000000008e-02
6.734700000000000131e-07 4.879999999999999789e-03
6.745999999999999774e-07 0.000000000000000000e+00
6.793700000000000294e-07 0.000000000000000000e+00
6.932800000000000074e-07 0.000000000000000000e+00
6.997400000000000286e-07 0.000000000000000000e+00
7.042500000000000426e-07 0.000000000000000000e+00
7.094500000000000250e-07 0.000000000000000000e+00
7.144800000000000040e-07 0.000000000000000000e+00
7.205599999999999783e-07 0.000000000000000000e+00
7.309400000000000341e-07 0.000000000000000000e+00
7.390200000000000102e-07 0.000000000000000000e+00
7.464100000000000179e-07 0.000000000000000000e+00
7.534999999999999476e-07 0.000000000000000000e+00
7.634699999999999820e-07 0.000000000000000000e+00
7.722900000000000320e-07 0.000000000000000000e+00
7.813299999999999690e-07 0.000000000000000000e+00
7.920500000000000318e-07 0.000000000000000000e+00
7.990300000000000180e-07 0.000000000000000000e+00
8.076699999999999990e-07 0.000000000000000000e+00
8.186099999999999488e-07 0.000000000000000000e+00
8.309400000000000119e-07 0.000000000000000000e+00
8.414000000000000368e-07 0.000000000000000000e+00
8.532800000000000384e-07 0.000000000000000000e+00
8.660900000000000265e-07 0.000000000000000000e+00
8.756399999999999739e-07 0.000000000000000000e+00
8.841799999999999660e-07 0.000000000000000000e+00
8.985800000000000454e-07 0.000000000000000000e+00
9.069199999999999484e-07 0.000000000000000000e+00
9.167499999999999538e-07 0.000000000000000000e+00
9.261099999999999888e-07 0.000000000000000000e+00
9.322300000000000031e-07 0.000000000000000000e+00
9.426200000000000134e-07 0.000000000000000000e+00
9.539499999999999647e-07 0.000000000000000000e+00
