2.399999999999999786e-07 4.116044999999999732e+00
2.449999999999999836e-07 3.644457000000000058e+00
2.499999999999999887e-07 3.841477999999999948e+00
2.549999999999999938e-07 3.846941000000000166e+00
2.599999999999999988e-07 3.682007000000000030e+00
2.650000000000000039e-07 3.433546999999999905e+00
2.700000000000000090e-07 3.171044999999999892e+00
2.750000000000000140e-07 2.862802999999999987e+00
2.799999999999999662e-07 2.637977999999999934e+00
2.849999999999999712e-07 2.380514999999999937e+00
2.899999999999999763e-07 2.213706999999999869e+00
2.949999999999999814e-07 2.073481999999999825e+00
2.999999999999999864e-07 1.996675999999999895e+00
3.049999999999999915e-07 1.928668000000000049e+00
3.099999999999999966e-07 1.889750999999999959e+00
3.150000000000000016e-07 1.867105999999999932e+00
3.200000000000000067e-07 1.846764000000000072e+00
3.250000000000000118e-07 1.833333000000000101e+00
3.299999999999999639e-07 1.832421000000000078e+00
3.349999999999999690e-07 1.833142000000000049e+00
3.399999999999999740e-07 1.839658999999999933e+00
3.449999999999999791e-07 1.851868000000000070e+00
3.499999999999999842e-07 1.864006999999999969e+00
3.549999999999999892e-07 1.882516999999999996e+00
3.599999999999999943e-07 1.898671999999999915e+00
3.649999999999999994e-07 1.916895999999999933e+00
3.700000000000000044e-07 1.937205000000000066e+00
3.750000000000000095e-07 1.953057999999999961e+00
3.799999999999999616e-07 1.978304000000000062e+00
3.849999999999999667e-07 2.014673999999999854e+00
3.899999999999999718e-07 2.032350000000000101e+00
3.949999999999999768e-07 2.049595000000000056e+00
3.999999999999999819e-07 2.047222000000000097e+00
4.049999999999999870e-07 2.009720999999999869e+00
4.099999999999999920e-07 1.959230000000000027e+00
4.149999999999999971e-07 1.916576999999999975e+00
4.199999999999999492e-07 1.904120000000000035e+00
4.249999999999999543e-07 1.935127999999999959e+00
4.299999999999999594e-07 1.985592000000000024e+00
4.349999999999999644e-07 1.969735000000000014e+00
4.399999999999999695e-07 1.882125999999999966e+00
4.449999999999999746e-07 1.725719000000000003e+00
4.499999999999999267e-07 1.527856000000000103e+00
4.549999999999999318e-07 1.342556000000000083e+00
4.599999999999999368e-07 1.161003000000000007e+00
4.649999999999999419e-07 1.037152000000000074e+00
4.699999999999999470e-07 9.300720000000000098e-01
4.749999999999999520e-07 8.422549999999999759e-01
4.799999999999999571e-07 7.697530000000000205e-01
4.850000000000000151e-07 7.085019999999999651e-01
4.899999999999999672e-07 6.578060000000000018e-01
4.950000000000000252e-07 6.193429999999999769e-01
4.999999999999999774e-07 5.861769999999999481e-01
5.049999999999999295e-07 5.573029999999999928e-01
5.099999999999999875e-07 5.318549999999999667e-01
5.149999999999999396e-07 5.073079999999999812e-01
5.199999999999999976e-07 4.852489999999999859e-01
5.249999999999999498e-07 4.649860000000000104e-01
5.300000000000000078e-07 4.454440000000000066e-01
5.349999999999998540e-07 4.314230000000000009e-01
5.400000000000000179e-07 4.191409999999999858e-01
5.449999999999998642e-07 4.043749999999999845e-01
5.500000000000000281e-07 3.919610000000000039e-01
5.549999999999998743e-07 3.818520000000000247e-01
5.600000000000000382e-07 3.718899999999999983e-01
5.649999999999998844e-07 3.615749999999999797e-01
5.700000000000000483e-07 3.504079999999999973e-01
5.749999999999998946e-07 3.399750000000000272e-01
5.800000000000000585e-07 3.310679999999999734e-01
5.849999999999999047e-07 3.252189999999999803e-01
5.900000000000000686e-07 3.203170000000000184e-01
5.949999999999999148e-07 3.124720000000000275e-01
5.999999999999999728e-07 3.044830000000000036e-01
6.049999999999999250e-07 2.988290000000000113e-01
6.099999999999999830e-07 2.937770000000000103e-01
6.149999999999999351e-07 2.883490000000000220e-01
6.199999999999999931e-07 2.827540000000000053e-01
6.249999999999999452e-07 2.766350000000000198e-01
6.300000000000000033e-07 2.707169999999999854e-01
6.349999999999999554e-07 2.656490000000000240e-01
6.400000000000000134e-07 2.613889999999999825e-01
6.449999999999999655e-07 2.586339999999999750e-01
6.500000000000000235e-07 2.564520000000000133e-01
6.549999999999999757e-07 2.534899999999999931e-01
6.599999999999999278e-07 2.493829999999999936e-01
6.649999999999999858e-07 2.454959999999999920e-01
6.699999999999999379e-07 2.426210000000000033e-01
6.749999999999999959e-07 2.400319999999999954e-01
6.799999999999999481e-07 2.373830000000000107e-01
6.850000000000000061e-07 2.345980000000000010e-01
6.899999999999999582e-07 2.315389999999999948e-01
6.950000000000000162e-07 2.279980000000000062e-01
6.999999999999999683e-07 2.242979999999999974e-01
7.050000000000000263e-07 2.206369999999999998e-01
7.099999999999999785e-07 2.170509999999999939e-01
7.150000000000000365e-07 2.135029999999999983e-01
7.199999999999999886e-07 2.102519999999999945e-01
7.249999999999999407e-07 2.068510000000000071e-01
7.299999999999999987e-07 2.029239999999999933e-01
7.349999999999999509e-07 1.979080000000000006e-01
7.400000000000000089e-07 1.927560000000000107e-01
7.449999999999999610e-07 1.879230000000000067e-01
7.500000000000000190e-07 1.839619999999999866e-01
7.549999999999999711e-07 1.805960000000000065e-01
7.599999999999999233e-07 1.780740000000000101e-01
7.649999999999999813e-07 1.768810000000000104e-01
7.699999999999999334e-07 1.758039999999999881e-01
7.749999999999999914e-07 1.743200000000000027e-01
7.799999999999999435e-07 1.701040000000000052e-01
7.850000000000000015e-07 1.656009999999999982e-01
7.899999999999999537e-07 1.614549999999999874e-01
7.950000000000000117e-07 1.600810000000000011e-01
7.999999999999999638e-07 1.600129999999999886e-01
8.050000000000000218e-07 1.602560000000000096e-01
8.099999999999999739e-07 1.597619999999999874e-01
8.150000000000000319e-07 1.567969999999999919e-01
8.199999999999998782e-07 1.539290000000000103e-01
8.249999999999999362e-07 1.517930000000000113e-01
8.299999999999998883e-07 1.519020000000000092e-01
8.349999999999999463e-07 1.541879999999999917e-01
8.399999999999998985e-07 1.579939999999999956e-01
