2.399999999999999786e-07 3.457100000000000062e+00
2.449999999999999836e-07 3.588099999999999845e+00
2.499999999999999887e-07 3.792400000000000215e+00
2.549999999999999938e-07 3.795599999999999863e+00
2.599999999999999988e-07 3.651699999999999946e+00
2.650000000000000039e-07 3.406099999999999905e+00
2.700000000000000090e-07 3.118700000000000028e+00
2.750000000000000140e-07 2.864900000000000002e+00
2.799999999999999662e-07 2.628400000000000070e+00
2.849999999999999712e-07 2.386899999999999800e+00
2.899999999999999763e-07 2.209099999999999842e+00
2.949999999999999814e-07 2.082100000000000062e+00
2.999999999999999864e-07 1.998499999999999943e+00
3.049999999999999915e-07 1.933899999999999952e+00
3.099999999999999966e-07 1.886500000000000066e+00
3.150000000000000016e-07 1.852400000000000047e+00
3.200000000000000067e-07 1.839099999999999957e+00
3.250000000000000118e-07 1.826100000000000056e+00
3.299999999999999639e-07 1.822999999999999954e+00
3.349999999999999690e-07 1.820999999999999952e+00
3.399999999999999740e-07 1.823700000000000099e+00
3.449999999999999791e-07 1.840100000000000069e+00
3.499999999999999842e-07 1.846400000000000041e+00
3.549999999999999892e-07 1.866400000000000059e+00
3.599999999999999943e-07 1.886600000000000055e+00
3.649999999999999994e-07 1.903999999999999915e+00
3.700000000000000044e-07 1.919499999999999984e+00
3.750000000000000095e-07 1.941699999999999982e+00
3.799999999999999616e-07 1.961699999999999999e+00
3.849999999999999667e-07 1.978299999999999947e+00
3.899999999999999718e-07 1.996199999999999974e+00
3.949999999999999768e-07 2.011499999999999844e+00
3.999999999999999819e-07 2.006499999999999950e+00
4.049999999999999870e-07 1.974199999999999955e+00
4.099999999999999920e-07 1.927999999999999936e+00
4.149999999999999971e-07 1.908500000000000085e+00
4.199999999999999492e-07 1.883799999999999919e+00
4.249999999999999543e-07 1.906600000000000072e+00
4.299999999999999594e-07 1.941300000000000026e+00
4.349999999999999644e-07 1.939300000000000024e+00
4.399999999999999695e-07 1.899999999999999911e+00
4.449999999999999746e-07 1.827199999999999935e+00
4.499999999999999267e-07 1.685899999999999954e+00
4.549999999999999318e-07 1.509500000000000064e+00
4.599999999999999368e-07 1.334500000000000020e+00
4.649999999999999419e-07 1.165000000000000036e+00
4.699999999999999470e-07 1.028599999999999959e+00
4.749999999999999520e-07 9.241000000000000325e-01
4.799999999999999571e-07 8.364000000000000323e-01
4.850000000000000151e-07 7.624999999999999556e-01
4.899999999999999672e-07 7.095000000000000195e-01
4.950000000000000252e-07 6.616999999999999549e-01
4.999999999999999774e-07 6.208000000000000185e-01
5.049999999999999295e-07 5.865000000000000213e-01
5.099999999999999875e-07 5.558999999999999497e-01
5.149999999999999396e-07 5.298000000000000487e-01
5.199999999999999976e-07 5.028000000000000247e-01
5.249999999999999498e-07 4.818999999999999950e-01
5.300000000000000078e-07 4.656000000000000139e-01
5.349999999999998540e-07 4.480999999999999983e-01
5.400000000000000179e-07 4.354999999999999982e-01
5.449999999999998642e-07 4.172000000000000153e-01
5.500000000000000281e-07 4.069999999999999729e-01
5.549999999999998743e-07 3.945000000000000173e-01
5.600000000000000382e-07 3.815000000000000058e-01
5.649999999999998844e-07 3.693000000000000171e-01
5.700000000000000483e-07 3.577000000000000179e-01
5.749999999999998946e-07 3.492999999999999994e-01
5.800000000000000585e-07 3.407000000000000028e-01
5.849999999999999047e-07 3.346000000000000085e-01
5.900000000000000686e-07 3.301999999999999935e-01
5.949999999999999148e-07 3.159000000000000141e-01
5.999999999999999728e-07 3.088000000000000189e-01
6.049999999999999250e-07 3.066999999999999726e-01
6.099999999999999830e-07 2.994999999999999885e-01
6.149999999999999351e-07 2.948000000000000065e-01
6.199999999999999931e-07 2.893999999999999906e-01
6.249999999999999452e-07 2.821000000000000174e-01
6.300000000000000033e-07 2.771000000000000130e-01
6.349999999999999554e-07 2.722999999999999865e-01
6.400000000000000134e-07 2.662999999999999812e-01
6.449999999999999655e-07 2.620999999999999996e-01
6.500000000000000235e-07 2.611999999999999877e-01
6.549999999999999757e-07 2.536999999999999811e-01
6.599999999999999278e-07 2.514000000000000123e-01
6.649999999999999858e-07 2.490999999999999881e-01
6.699999999999999379e-07 2.477999999999999925e-01
6.749999999999999959e-07 2.439000000000000057e-01
6.799999999999999481e-07 2.366999999999999937e-01
6.850000000000000061e-07 2.346999999999999920e-01
6.899999999999999582e-07 2.373999999999999999e-01
6.950000000000000162e-07 2.333000000000000074e-01
6.999999999999999683e-07 2.290999999999999981e-01
7.050000000000000263e-07 2.252000000000000113e-01
7.099999999999999785e-07 2.295999999999999985e-01
7.150000000000000365e-07 2.225000000000000033e-01
7.199999999999999886e-07 2.104999999999999927e-01
7.249999999999999407e-07 2.112999999999999878e-01
7.299999999999999987e-07 1.996999999999999886e-01
7.349999999999999509e-07 1.925999999999999934e-01
7.400000000000000089e-07 2.010000000000000120e-01
7.449999999999999610e-07 1.938999999999999890e-01
7.500000000000000190e-07 1.938000000000000000e-01
7.549999999999999711e-07 1.852999999999999925e-01
7.599999999999999233e-07 1.842000000000000026e-01
7.649999999999999813e-07 1.768000000000000127e-01
7.699999999999999334e-07 1.743000000000000105e-01
7.749999999999999914e-07 1.761000000000000065e-01
7.799999999999999435e-07 1.711000000000000021e-01
7.850000000000000015e-07 1.676999999999999880e-01
7.899999999999999537e-07 1.726999999999999924e-01
7.950000000000000117e-07 1.673000000000000043e-01
7.999999999999999638e-07 1.716000000000000025e-01
8.050000000000000218e-07 1.587000000000000077e-01
8.099999999999999739e-07 1.577999999999999958e-01
8.150000000000000319e-07 1.696999999999999897e-01
8.199999999999998782e-07 1.665000000000000091e-01
8.249999999999999362e-07 1.559999999999999998e-01
8.299999999999998883e-07 1.569000000000000117e-01
8.349999999999999463e-07 1.569000000000000117e-01
8.399999999999998985e-07 1.688999999999999946e-01
