[0.000]
file = 0.000_Strained_InGaAs_k.txt
1 = 2.397546569741027e-07 3.580394
2 = 2.5026770864404656e-07 4.094328185109841
3 = 2.6535934314540336e-07 3.385400326049439
4 = 2.9298677082127416e-07 2.1218863225876206
5 = 3.1720641006135475e-07 1.9053937834677266
6 = 3.7416515963099157e-07 2.145840030577249
7 = 3.8743119318460353e-07 2.278198752089826
8 = 4.155454477798729e-07 1.9178628215659863
9 = 4.3027196209168065e-07 1.614264727839619
10 = 4.446333562139396e-07 0.9456487011008763
11 = 6.878212230603948e-07 0.1518758821971557
12 = 7.718297550927606e-07 0.09184518729227001
13 = 8.221185995273602e-07 0.08301229638741954
14 = 8.398505042123926e-07 0.0635439054136026

[0.100]
file = 0.100_Strained_InGaAs_k.txt
1 = 2.397546569741027e-07 3.626973
2 = 2.5160648267239276e-07 4.028828293734794
3 = 2.6974078541999077e-07 3.149113228529075
4 = 2.9456895830931965e-07 2.088169017784552
5 = 3.211010254165436e-07 1.871287043689638
6 = 3.774512413369321e-07 2.048601336141627
7 = 3.949770104352819e-07 2.123497962203261
8 = 4.195617698649113e-07 1.8992111339099704
9 = 4.3258438995882405e-07 1.8443288761034309
10 = 4.5461330806161095e-07 0.9930017362285397
11 = 6.982859536941844e-07 0.1873805868183333
12 = 7.793876161060532e-07 0.14738447547659747
13 = 8.165955472484158e-07 0.14334158454447463
14 = 8.375250085159948e-07 0.14510529642303416

[0.200]
file = 0.200_Strained_InGaAs_k.txt
1 = 2.45055277903983e-07 3.6466351815841285
2 = 2.5282354997088925e-07 3.844563010698194
3 = 2.749741748035258e-07 2.864395082042321
4 = 2.9675967944661333e-07 2.046451212084684
5 = 3.280383090179737e-07 1.8327788124351216
6 = 3.790334288249776e-07 1.9734235888230771
7 = 3.9850650560092177e-07 2.0479308124418028
8 = 4.1980518332461065e-07 1.9046053662650648
9 = 4.324626832289744e-07 1.9777818464076307
10 = 4.647149666391321e-07 1.0442123333553697
11 = 7.049717538213277e-07 0.2206576818520239
12 = 7.817131118024507e-07 0.16856117151071287
13 = 8.128166167417695e-07 0.15809174627213068
14 = 8.404318781364919e-07 0.157994

[0.240]
file = 0.240_Strained_InGaAs_k.txt
1 = 2.397546569741027e-07 3.4571
2 = 2.529452567007389e-07 3.794284964288473
3 = 2.7765172286021813e-07 2.739473508711682
4 = 2.980984534749595e-07 2.030293857898678
5 = 3.3156780418361363e-07 1.8223728783265545
6 = 3.7964196247422585e-07 1.9602678498969035
7 = 3.9923674598001973e-07 2.00726325401998
8 = 4.1980518332461065e-07 1.8847623943764231
9 = 4.3501852455581707e-07 1.9391543969912775
10 = 4.686095819943209e-07 1.0665306031949249
11 = 7.052624407833773e-07 0.22543094788937204
12 = 7.820037987645005e-07 0.1697374168401397
13 = 8.183396690207141e-07 0.16756261182674298
14 = 8.389784433262434e-07 0.16644826398298423

