2.066399999999999904e-07 1.773200000000000109e+00
2.076699999999999935e-07 1.787900000000000045e+00
2.086999999999999966e-07 1.803299999999999903e+00
2.097499999999999920e-07 1.819299999999999917e+00
2.108099999999999974e-07 1.836000000000000076e+00
2.118800000000000128e-07 1.853599999999999914e+00
2.129500000000000004e-07 1.872200000000000086e+00
2.140400000000000080e-07 1.891799999999999926e+00
2.151500000000000079e-07 1.912500000000000089e+00
2.162600000000000078e-07 1.934600000000000097e+00
2.173799999999999899e-07 1.958199999999999941e+00
2.185199999999999920e-07 1.983500000000000041e+00
2.196700000000000041e-07 2.010699999999999932e+00
2.208299999999999985e-07 2.040099999999999802e+00
2.220000000000000029e-07 2.071899999999999853e+00
2.231799999999999895e-07 2.106700000000000017e+00
2.243799999999999961e-07 2.144699999999999829e+00
2.255900000000000127e-07 2.186300000000000132e+00
2.268100000000000116e-07 2.232200000000000184e+00
2.280500000000000027e-07 2.282900000000000151e+00
2.293000000000000038e-07 2.338999999999999968e+00
2.305699999999999972e-07 2.401299999999999990e+00
2.318399999999999905e-07 2.470499999999999918e+00
2.331399999999999861e-07 2.547299999999999898e+00
2.344400000000000095e-07 2.632499999999999840e+00
2.357700000000000073e-07 2.726599999999999913e+00
2.371000000000000052e-07 2.830200000000000049e+00
2.384499999999999953e-07 2.943200000000000038e+00
2.398200000000000054e-07 3.065100000000000158e+00
2.411999999999999977e-07 3.194900000000000073e+00
2.426000000000000101e-07 3.330400000000000027e+00
2.440199999999999869e-07 3.468700000000000117e+00
2.454500000000000015e-07 3.605999999999999872e+00
2.469000000000000083e-07 3.737999999999999989e+00
2.483700000000000074e-07 3.860300000000000065e+00
2.498499999999999888e-07 3.968999999999999861e+00
2.513500000000000179e-07 4.061300000000000132e+00
2.528699999999999837e-07 4.135600000000000165e+00
2.544100000000000250e-07 4.191900000000000404e+00
2.559699999999999753e-07 4.231499999999999595e+00
2.575500000000000012e-07 4.256300000000000416e+00
2.591399999999999815e-07 4.269099999999999895e+00
2.607599999999999918e-07 4.272300000000000431e+00
2.623900000000000121e-07 4.268500000000000405e+00
2.640500000000000069e-07 4.260100000000000442e+00
2.657300000000000217e-07 4.248800000000000132e+00
2.674300000000000010e-07 4.236299999999999955e+00
2.691500000000000004e-07 4.223799999999999777e+00
2.708900000000000197e-07 4.212100000000000399e+00
2.726600000000000135e-07 4.202099999999999724e+00
2.744500000000000273e-07 4.194200000000000372e+00
2.762600000000000056e-07 4.188799999999999635e+00
2.781000000000000139e-07 4.186200000000000365e+00
2.799599999999999866e-07 4.186600000000000321e+00
2.818499999999999894e-07 4.190100000000000158e+00
2.837600000000000122e-07 4.196799999999999642e+00
2.857000000000000095e-07 4.206800000000000317e+00
2.876600000000000268e-07 4.220200000000000173e+00
2.896599999999999731e-07 4.237000000000000099e+00
2.916799999999999948e-07 4.257299999999999862e+00
2.937199999999999811e-07 4.281200000000000117e+00
2.958000000000000074e-07 4.308799999999999741e+00
2.979100000000000081e-07 4.340200000000000280e+00
3.000499999999999834e-07 4.375600000000000378e+00
3.022199999999999886e-07 4.415199999999999569e+00
3.044200000000000239e-07 4.459399999999999586e+00
3.066499999999999782e-07 4.508499999999999730e+00
3.089100000000000179e-07 4.562999999999999723e+00
3.112099999999999866e-07 4.623400000000000176e+00
3.135399999999999854e-07 4.690599999999999881e+00
3.159100000000000241e-07 4.765500000000000291e+00
3.183199999999999918e-07 4.849499999999999922e+00
3.207599999999999896e-07 4.944200000000000372e+00
3.232400000000000273e-07 5.051800000000000068e+00
3.257599999999999940e-07 5.174500000000000099e+00
3.283099999999999907e-07 5.313399999999999679e+00
3.309099999999999819e-07 5.462100000000000399e+00
3.335500000000000131e-07 5.587299999999999933e+00
3.362299999999999733e-07 5.549500000000000099e+00
3.389599999999999835e-07 5.406200000000000117e+00
3.417299999999999782e-07 5.246900000000000119e+00
3.445400000000000129e-07 5.097800000000000331e+00
3.474099999999999966e-07 4.965499999999999581e+00
3.503200000000000203e-07 4.848799999999999777e+00
3.532799999999999829e-07 4.745099999999999874e+00
3.562899999999999956e-07 4.652300000000000324e+00
3.593500000000000028e-07 4.568599999999999994e+00
3.624600000000000044e-07 4.492600000000000371e+00
3.656300000000000106e-07 4.412499999999999645e+00
3.688600000000000212e-07 4.350999999999999979e+00
3.721400000000000263e-07 4.295300000000000118e+00
3.754799999999999804e-07 4.244900000000000340e+00
3.788799999999999946e-07 4.199799999999999756e+00
3.823500000000000232e-07 4.161400000000000432e+00
3.858800000000000008e-07 4.129699999999999704e+00
3.894699999999999829e-07 4.100299999999999834e+00
3.931299999999999795e-07 4.073100000000000165e+00
3.968599999999999905e-07 4.047900000000000276e+00
4.006600000000000161e-07 4.024499999999999744e+00
4.045400000000000107e-07 4.002799999999999692e+00
4.084900000000000198e-07 3.982699999999999907e+00
4.125199999999999978e-07 3.963999999999999968e+00
4.166300000000000003e-07 3.946699999999999875e+00
4.208200000000000274e-07 3.930800000000000072e+00
4.250999999999999779e-07 3.915999999999999925e+00
4.294700000000000184e-07 3.902499999999999858e+00
4.339199999999999724e-07 3.890000000000000124e+00
4.384700000000000264e-07 3.866200000000000081e+00
4.431200000000000139e-07 3.845299999999999940e+00
4.478599999999999803e-07 3.828500000000000014e+00
4.527100000000000013e-07 3.805000000000000160e+00
4.576700000000000212e-07 3.757200000000000095e+00
4.627299999999999747e-07 3.726500000000000146e+00
4.679099999999999926e-07 3.700200000000000156e+00
4.732000000000000095e-07 3.676400000000000112e+00
4.786199999999999899e-07 3.654399999999999871e+00
4.841599999999999793e-07 3.633799999999999919e+00
4.898299999999999876e-07 3.614300000000000068e+00
4.956400000000000250e-07 3.595800000000000107e+00
5.015800000000000258e-07 3.578100000000000058e+00
5.076699999999999546e-07 3.561199999999999921e+00
5.139099999999999779e-07 3.544900000000000162e+00
5.202999999999999847e-07 3.529300000000000104e+00
5.268599999999999950e-07 3.514299999999999979e+00
5.335800000000000542e-07 3.499800000000000022e+00
5.404799999999999605e-07 3.485799999999999788e+00
5.475600000000000467e-07 3.472300000000000164e+00
5.548199999999999799e-07 3.459299999999999820e+00
5.622800000000000020e-07 3.446600000000000108e+00
5.699400000000000022e-07 3.434299999999999908e+00
5.778200000000000003e-07 3.422499999999999876e+00
5.859100000000000419e-07 3.411000000000000032e+00
5.942399999999999904e-07 3.399799999999999933e+00
6.028099999999999570e-07 3.388900000000000023e+00
6.116200000000000525e-07 3.378400000000000070e+00
6.207000000000000295e-07 3.368199999999999861e+00
6.300499999999999989e-07 3.358299999999999841e+00
6.396899999999999809e-07 3.348599999999999799e+00
6.496300000000000407e-07 3.339300000000000157e+00
6.598800000000000221e-07 3.330200000000000049e+00
6.704599999999999449e-07 3.321299999999999919e+00
6.813799999999999857e-07 3.312699999999999978e+00
6.926700000000000079e-07 3.304300000000000015e+00
7.043300000000000116e-07 3.296199999999999797e+00
7.164000000000000368e-07 3.288300000000000001e+00
7.288900000000000379e-07 3.280600000000000183e+00
7.418200000000000349e-07 3.273099999999999898e+00
7.552100000000000479e-07 3.265800000000000036e+00
7.691000000000000059e-07 3.258700000000000152e+00
7.835100000000000398e-07 3.251799999999999802e+00
7.984700000000000131e-07 3.245099999999999874e+00
8.140199999999999658e-07 3.238599999999999923e+00
8.301800000000000290e-07 3.232299999999999951e+00
8.469900000000000206e-07 3.226100000000000190e+00
8.645000000000000462e-07 3.220200000000000173e+00
8.827500000000000346e-07 3.214300000000000157e+00
9.017899999999999805e-07 3.208699999999999886e+00
9.216600000000000348e-07 3.203199999999999825e+00
9.424299999999999899e-07 3.197900000000000187e+00
9.641600000000000170e-07 3.192699999999999871e+00
9.869099999999999540e-07 3.187699999999999978e+00
1.010799999999999921e-06 3.182799999999999851e+00
1.035800000000000054e-06 3.178100000000000147e+00
1.062100000000000044e-06 3.173500000000000210e+00
1.089800000000000102e-06 3.169099999999999806e+00
