2.496099999999999985e-07 3.025539999999999896e+00
2.518400000000000083e-07 3.198360000000000092e+00
2.547599999999999865e-07 3.460109999999999797e+00
2.574199999999999822e-07 3.598510000000000097e+00
2.597900000000000209e-07 3.749680000000000124e+00
2.629000000000000226e-07 3.888339999999999907e+00
2.646600000000000064e-07 3.917870000000000186e+00
2.664400000000000102e-07 3.947789999999999910e+00
2.704599999999999782e-07 3.976649999999999796e+00
2.738300000000000178e-07 3.964690000000000047e+00
2.784599999999999853e-07 3.914109999999999978e+00
2.824400000000000244e-07 3.873780000000000001e+00
2.873700000000000143e-07 3.806579999999999853e+00
2.946500000000000230e-07 3.729000000000000092e+00
3.027799999999999936e-07 3.688829999999999831e+00
3.103899999999999992e-07 3.676159999999999872e+00
3.178799999999999959e-07 3.676159999999999872e+00
3.290000000000000147e-07 3.707100000000000062e+00
3.432899999999999840e-07 3.841549999999999798e+00
3.556400000000000117e-07 4.006689999999999863e+00
3.628299999999999859e-07 4.134260000000000268e+00
3.689200000000000257e-07 4.272750000000000270e+00
3.773799999999999932e-07 4.425740000000000229e+00
3.862300000000000177e-07 4.570610000000000284e+00
3.900399999999999978e-07 4.588639999999999830e+00
3.947300000000000253e-07 4.590410000000000323e+00
4.011399999999999966e-07 4.545759999999999579e+00
4.100199999999999956e-07 4.445229999999999571e+00
4.253199999999999759e-07 4.260530000000000150e+00
4.378799999999999915e-07 4.151180000000000092e+00
4.553800000000000070e-07 4.026080000000000325e+00
4.758399999999999852e-07 3.903570000000000206e+00
5.102499999999999813e-07 3.781099999999999905e+00
5.439599999999999991e-07 3.683790000000000120e+00
5.734200000000000408e-07 3.617620000000000058e+00
5.856200000000000294e-07 3.603629999999999889e+00
6.060499999999999776e-07 3.603629999999999889e+00
6.080400000000000249e-07 3.603629999999999889e+00
6.097399999999999487e-07 3.603629999999999889e+00
6.122199999999999864e-07 3.603629999999999889e+00
6.142600000000000282e-07 3.603629999999999889e+00
6.169400000000000439e-07 3.603629999999999889e+00
6.198000000000000176e-07 3.603629999999999889e+00
6.233400000000000052e-07 3.603629999999999889e+00
6.259400000000000519e-07 3.603629999999999889e+00
6.297099999999999920e-07 3.603629999999999889e+00
6.335199999999999720e-07 3.603629999999999889e+00
6.360400000000000498e-07 3.603629999999999889e+00
6.390799999999999814e-07 3.603629999999999889e+00
6.411299999999999777e-07 3.603629999999999889e+00
6.437100000000000044e-07 3.603130000000000166e+00
6.461299999999999821e-07 3.601570000000000160e+00
6.478699999999999459e-07 3.600449999999999928e+00
6.501500000000000057e-07 3.598990000000000133e+00
6.520899999999999475e-07 3.597739999999999938e+00
6.538599999999999968e-07 3.596600000000000019e+00
6.556499999999999551e-07 3.595460000000000100e+00
6.576199999999999823e-07 3.594190000000000218e+00
6.594200000000000061e-07 3.592309999999999892e+00
6.610599999999999810e-07 3.588089999999999780e+00
6.630700000000000482e-07 3.582879999999999843e+00
6.650800000000000045e-07 3.577679999999999971e+00
6.663700000000000179e-07 3.574339999999999851e+00
6.667399999999999993e-07 3.573389999999999844e+00
6.676499999999999657e-07 3.571029999999999927e+00
6.734700000000000131e-07 3.559820000000000206e+00
6.745999999999999774e-07 3.558689999999999909e+00
6.793700000000000294e-07 3.553980000000000139e+00
6.932800000000000074e-07 3.519789999999999974e+00
6.997400000000000286e-07 3.495200000000000085e+00
7.042500000000000426e-07 3.479900000000000215e+00
7.094500000000000250e-07 3.465250000000000163e+00
7.144800000000000040e-07 3.453599999999999781e+00
7.205599999999999783e-07 3.438629999999999853e+00
7.309400000000000341e-07 3.419099999999999806e+00
7.390200000000000102e-07 3.404079999999999995e+00
7.464100000000000179e-07 3.393559999999999910e+00
7.534999999999999476e-07 3.380040000000000155e+00
7.634699999999999820e-07 3.366509999999999891e+00
7.722900000000000320e-07 3.355989999999999807e+00
7.813299999999999690e-07 3.346979999999999844e+00
7.920500000000000318e-07 3.331949999999999967e+00
7.990300000000000180e-07 3.325940000000000119e+00
8.076699999999999990e-07 3.316930000000000156e+00
8.186099999999999488e-07 3.306410000000000071e+00
8.309400000000000119e-07 3.294389999999999930e+00
8.414000000000000368e-07 3.283869999999999845e+00
8.532800000000000384e-07 3.274859999999999882e+00
8.660900000000000265e-07 3.265839999999999854e+00
8.756399999999999739e-07 3.258329999999999949e+00
8.841799999999999660e-07 3.255320000000000213e+00
8.985800000000000454e-07 3.246309999999999807e+00
9.069199999999999484e-07 3.240299999999999958e+00
9.167499999999999538e-07 3.237289999999999779e+00
9.261099999999999888e-07 3.231289999999999996e+00
9.322300000000000031e-07 3.231289999999999996e+00
9.426200000000000134e-07 3.222269999999999968e+00
9.539499999999999647e-07 3.219259999999999788e+00
