2.066399999999999904e-07 1.331700000000000106e+00
2.076699999999999935e-07 1.337199999999999944e+00
2.086999999999999966e-07 1.342899999999999983e+00
2.097499999999999920e-07 1.348600000000000021e+00
2.108099999999999974e-07 1.354500000000000037e+00
2.118800000000000128e-07 1.360500000000000043e+00
2.129500000000000004e-07 1.366600000000000037e+00
2.140400000000000080e-07 1.372900000000000009e+00
2.151500000000000079e-07 1.379399999999999959e+00
2.162600000000000078e-07 1.386100000000000110e+00
2.173799999999999899e-07 1.393000000000000016e+00
2.185199999999999920e-07 1.400199999999999889e+00
2.196700000000000041e-07 1.407599999999999962e+00
2.208299999999999985e-07 1.415399999999999991e+00
2.220000000000000029e-07 1.423599999999999977e+00
2.231799999999999895e-07 1.432199999999999918e+00
2.243799999999999961e-07 1.441200000000000037e+00
2.255900000000000127e-07 1.450900000000000079e+00
2.268100000000000116e-07 1.461200000000000054e+00
2.280500000000000027e-07 1.472299999999999942e+00
2.293000000000000038e-07 1.484299999999999953e+00
2.305699999999999972e-07 1.497400000000000064e+00
2.318399999999999905e-07 1.511700000000000044e+00
2.331399999999999861e-07 1.527400000000000091e+00
2.344400000000000095e-07 1.544999999999999929e+00
2.357700000000000073e-07 1.564599999999999991e+00
2.371000000000000052e-07 1.586699999999999999e+00
2.384499999999999953e-07 1.611799999999999899e+00
2.398200000000000054e-07 1.640400000000000080e+00
2.411999999999999977e-07 1.673399999999999999e+00
2.426000000000000101e-07 1.711600000000000010e+00
2.440199999999999869e-07 1.756099999999999994e+00
2.454500000000000015e-07 1.808300000000000018e+00
2.469000000000000083e-07 1.869699999999999918e+00
2.483700000000000074e-07 1.942299999999999915e+00
2.498499999999999888e-07 2.028300000000000214e+00
2.513500000000000179e-07 2.130199999999999871e+00
2.528699999999999837e-07 2.250399999999999956e+00
2.544100000000000250e-07 2.391199999999999992e+00
2.559699999999999753e-07 2.553999999999999826e+00
2.575500000000000012e-07 2.737899999999999778e+00
2.591399999999999815e-07 2.938899999999999846e+00
2.607599999999999918e-07 3.148699999999999832e+00
2.623900000000000121e-07 3.354499999999999815e+00
2.640500000000000069e-07 3.540799999999999947e+00
2.657300000000000217e-07 3.693900000000000183e+00
2.674300000000000010e-07 3.804800000000000182e+00
2.691500000000000004e-07 3.872199999999999864e+00
2.708900000000000197e-07 3.900500000000000078e+00
2.726600000000000135e-07 3.897899999999999920e+00
2.744500000000000273e-07 3.873299999999999965e+00
2.762600000000000056e-07 3.834400000000000031e+00
2.781000000000000139e-07 3.787700000000000067e+00
2.799599999999999866e-07 3.737699999999999800e+00
2.818499999999999894e-07 3.687399999999999789e+00
2.837600000000000122e-07 3.638999999999999790e+00
2.857000000000000095e-07 3.593799999999999883e+00
2.876600000000000268e-07 3.552299999999999791e+00
2.896599999999999731e-07 3.515099999999999891e+00
2.916799999999999948e-07 3.482200000000000184e+00
2.937199999999999811e-07 3.453500000000000014e+00
2.958000000000000074e-07 3.429100000000000037e+00
2.979100000000000081e-07 3.408700000000000063e+00
3.000499999999999834e-07 3.392199999999999882e+00
3.022199999999999886e-07 3.379300000000000193e+00
3.044200000000000239e-07 3.369800000000000129e+00
3.066499999999999782e-07 3.363700000000000134e+00
3.089100000000000179e-07 3.360799999999999788e+00
3.112099999999999866e-07 3.360799999999999788e+00
3.135399999999999854e-07 3.363700000000000134e+00
3.159100000000000241e-07 3.369299999999999962e+00
3.183199999999999918e-07 3.377600000000000158e+00
3.207599999999999896e-07 3.388500000000000068e+00
3.232400000000000273e-07 3.401899999999999924e+00
3.257599999999999940e-07 3.417699999999999960e+00
3.283099999999999907e-07 3.436100000000000154e+00
3.309099999999999819e-07 3.456900000000000084e+00
3.335500000000000131e-07 3.480100000000000193e+00
3.362299999999999733e-07 3.505799999999999805e+00
3.389599999999999835e-07 3.534100000000000019e+00
3.417299999999999782e-07 3.564900000000000180e+00
3.445400000000000129e-07 3.598500000000000032e+00
3.474099999999999966e-07 3.634799999999999809e+00
3.503200000000000203e-07 3.674100000000000144e+00
3.532799999999999829e-07 3.716499999999999915e+00
3.562899999999999956e-07 3.762199999999999989e+00
3.593500000000000028e-07 3.811500000000000110e+00
3.624600000000000044e-07 3.864700000000000024e+00
3.656300000000000106e-07 3.922099999999999920e+00
3.688600000000000212e-07 3.984300000000000175e+00
3.721400000000000263e-07 4.051499999999999879e+00
3.754799999999999804e-07 4.124299999999999855e+00
3.788799999999999946e-07 4.203199999999999825e+00
3.823500000000000232e-07 4.288100000000000023e+00
3.858800000000000008e-07 4.378400000000000070e+00
3.894699999999999829e-07 4.471300000000000274e+00
3.931299999999999795e-07 4.559899999999999842e+00
3.968599999999999905e-07 4.631400000000000183e+00
4.006600000000000161e-07 4.839400000000000368e+00
4.045400000000000107e-07 4.684800000000000075e+00
4.084900000000000198e-07 4.560900000000000176e+00
4.125199999999999978e-07 4.439400000000000013e+00
4.166300000000000003e-07 4.322499999999999787e+00
4.208200000000000274e-07 4.212699999999999889e+00
4.250999999999999779e-07 4.110999999999999766e+00
4.294700000000000184e-07 4.017999999999999794e+00
4.339199999999999724e-07 3.952500000000000124e+00
4.384700000000000264e-07 3.902000000000000135e+00
4.431200000000000139e-07 3.855199999999999960e+00
4.478599999999999803e-07 3.811900000000000066e+00
4.527100000000000013e-07 3.771599999999999842e+00
4.576700000000000212e-07 3.733999999999999986e+00
4.627299999999999747e-07 3.698999999999999844e+00
4.679099999999999926e-07 3.666300000000000114e+00
4.732000000000000095e-07 3.635699999999999932e+00
4.786199999999999899e-07 3.607099999999999973e+00
4.841599999999999793e-07 3.580299999999999816e+00
4.898299999999999876e-07 3.555299999999999905e+00
4.956400000000000250e-07 3.531899999999999817e+00
5.015800000000000258e-07 3.510099999999999998e+00
5.076699999999999546e-07 3.489700000000000024e+00
5.139099999999999779e-07 3.470800000000000107e+00
5.202999999999999847e-07 3.453300000000000036e+00
5.268599999999999950e-07 3.437100000000000044e+00
5.335800000000000542e-07 3.422299999999999898e+00
5.404799999999999605e-07 3.408599999999999852e+00
5.475600000000000467e-07 3.396199999999999886e+00
5.548199999999999799e-07 3.384999999999999787e+00
5.622800000000000020e-07 3.375000000000000000e+00
5.699400000000000022e-07 3.366099999999999870e+00
5.778200000000000003e-07 3.358299999999999841e+00
5.859100000000000419e-07 3.351700000000000124e+00
5.942399999999999904e-07 3.346200000000000063e+00
6.028099999999999570e-07 3.341800000000000104e+00
6.116200000000000525e-07 3.338499999999999801e+00
6.207000000000000295e-07 3.336100000000000065e+00
6.300499999999999989e-07 3.334499999999999797e+00
6.396899999999999809e-07 3.333699999999999886e+00
6.496300000000000407e-07 3.333800000000000097e+00
6.598800000000000221e-07 3.334700000000000220e+00
6.704599999999999449e-07 3.336500000000000021e+00
6.813799999999999857e-07 3.339199999999999946e+00
6.926700000000000079e-07 3.342799999999999994e+00
7.043300000000000116e-07 3.347300000000000164e+00
7.164000000000000368e-07 3.352799999999999780e+00
7.288900000000000379e-07 3.359300000000000175e+00
7.418200000000000349e-07 3.366800000000000015e+00
7.552100000000000479e-07 3.375399999999999956e+00
7.691000000000000059e-07 3.385099999999999998e+00
7.835100000000000398e-07 3.395900000000000141e+00
7.984700000000000131e-07 3.407900000000000151e+00
8.140199999999999658e-07 3.421100000000000030e+00
8.301800000000000290e-07 3.435500000000000220e+00
8.469900000000000206e-07 3.451200000000000045e+00
8.645000000000000462e-07 3.439299999999999802e+00
8.827500000000000346e-07 3.437300000000000022e+00
9.017899999999999805e-07 3.441899999999999959e+00
9.216600000000000348e-07 3.413699999999999957e+00
9.424299999999999899e-07 3.359100000000000197e+00
9.641600000000000170e-07 3.329299999999999926e+00
9.869099999999999540e-07 3.306799999999999962e+00
1.010799999999999921e-06 3.288300000000000001e+00
1.035800000000000054e-06 3.272400000000000198e+00
1.062100000000000044e-06 3.258300000000000196e+00
