2.250000000000000163e-07 2.417470999999999925e+00
2.300000000000000214e-07 2.448643999999999821e+00
2.350000000000000264e-07 2.455022000000000038e+00
2.400000000000000315e-07 2.454702999999999857e+00
2.450000000000000366e-07 2.469577000000000133e+00
2.500000000000000416e-07 2.510222000000000175e+00
2.549999999999999938e-07 2.575800000000000090e+00
2.599999999999999988e-07 2.661233000000000182e+00
2.650000000000000039e-07 2.761762000000000050e+00
2.700000000000000090e-07 2.874042999999999903e+00
2.750000000000000140e-07 2.995722000000000218e+00
2.800000000000000191e-07 3.124870000000000037e+00
2.850000000000000242e-07 3.257711000000000023e+00
2.900000000000000292e-07 3.389143999999999934e+00
2.950000000000000343e-07 3.509936999999999863e+00
3.000000000000000394e-07 3.605687999999999782e+00
3.050000000000000444e-07 3.657404999999999795e+00
3.099999999999999966e-07 3.646811000000000025e+00
3.150000000000000016e-07 3.567028000000000088e+00
3.200000000000000067e-07 3.431214000000000208e+00
3.250000000000000118e-07 3.267654999999999976e+00
3.300000000000000168e-07 3.103257999999999850e+00
3.350000000000000219e-07 2.951852999999999838e+00
3.400000000000000270e-07 2.814919000000000171e+00
3.450000000000000320e-07 2.691151000000000071e+00
3.500000000000000371e-07 2.581345999999999918e+00
3.550000000000000422e-07 2.488176999999999861e+00
3.600000000000000472e-07 2.413088000000000122e+00
3.649999999999999994e-07 2.354400000000000048e+00
3.700000000000000044e-07 2.307621999999999840e+00
3.750000000000000095e-07 2.267262000000000111e+00
3.800000000000000146e-07 2.229028000000000009e+00
3.850000000000000196e-07 2.191314999999999902e+00
3.900000000000000247e-07 2.155126999999999793e+00
3.950000000000000298e-07 2.122739000000000154e+00
4.000000000000000348e-07 2.096238000000000046e+00
4.050000000000000399e-07 2.076778000000000013e+00
4.100000000000000450e-07 2.064563999999999844e+00
4.150000000000000500e-07 2.059168999999999805e+00
4.200000000000000022e-07 2.059870999999999786e+00
4.250000000000000072e-07 2.065897999999999790e+00
4.300000000000000123e-07 2.076547000000000143e+00
4.350000000000000174e-07 2.091244999999999798e+00
4.400000000000000224e-07 2.109553000000000011e+00
4.450000000000000275e-07 2.131155999999999828e+00
4.500000000000000326e-07 2.155819999999999848e+00
4.550000000000000376e-07 2.183346999999999927e+00
4.600000000000000427e-07 2.213489000000000040e+00
4.650000000000000478e-07 2.245833000000000190e+00
4.700000000000000528e-07 2.279624000000000095e+00
4.750000000000000050e-07 2.313530000000000086e+00
4.800000000000000630e-07 2.345368999999999815e+00
4.850000000000000151e-07 2.372641999999999918e+00
4.900000000000000731e-07 2.389635999999999871e+00
4.950000000000000252e-07 2.392361000000000182e+00
5.000000000000000833e-07 2.376973000000000003e+00
5.050000000000000354e-07 2.342127000000000070e+00
5.099999999999999875e-07 2.290086000000000066e+00
5.150000000000000455e-07 2.226389000000000173e+00
5.199999999999999976e-07 2.158138000000000112e+00
5.250000000000000557e-07 2.091936000000000018e+00
5.300000000000000078e-07 2.032576000000000160e+00
5.350000000000000658e-07 1.983281999999999989e+00
5.400000000000000179e-07 1.943734999999999991e+00
5.450000000000000759e-07 1.914938000000000029e+00
5.500000000000000281e-07 1.895831999999999962e+00
5.550000000000000861e-07 1.885458000000000078e+00
5.600000000000000382e-07 1.882806999999999897e+00
5.649999999999999903e-07 1.886910000000000087e+00
5.700000000000000483e-07 1.896846000000000032e+00
5.750000000000000004e-07 1.911726000000000036e+00
5.800000000000000585e-07 1.930636000000000019e+00
5.850000000000000106e-07 1.952576000000000089e+00
5.900000000000000686e-07 1.976391999999999927e+00
5.950000000000000207e-07 2.000703999999999816e+00
6.000000000000000787e-07 2.023862999999999968e+00
6.050000000000000309e-07 2.043931000000000164e+00
6.100000000000000889e-07 2.058721999999999941e+00
6.150000000000000410e-07 2.065917999999999921e+00
6.199999999999999931e-07 2.063260999999999790e+00
6.250000000000000511e-07 2.048820000000000086e+00
6.300000000000000033e-07 2.021281000000000105e+00
6.350000000000000613e-07 1.980194000000000010e+00
6.400000000000000134e-07 1.926101999999999981e+00
6.450000000000000714e-07 1.860500999999999960e+00
6.500000000000000235e-07 1.785636000000000001e+00
6.550000000000000815e-07 1.704180999999999946e+00
6.600000000000000337e-07 1.618894999999999973e+00
6.650000000000000917e-07 1.532334000000000085e+00
6.700000000000000438e-07 1.446650999999999909e+00
6.749999999999999959e-07 1.363512000000000057e+00
6.800000000000000539e-07 1.284092999999999929e+00
6.850000000000000061e-07 1.209135000000000071e+00
6.900000000000000641e-07 1.139029000000000069e+00
6.950000000000000162e-07 1.073897000000000101e+00
7.000000000000000742e-07 1.013668999999999931e+00
7.050000000000000263e-07 9.581549000000000316e-01
7.100000000000000843e-07 9.070842000000000072e-01
7.150000000000000365e-07 8.601484999999999825e-01
7.200000000000000945e-07 8.170235000000000136e-01
7.250000000000000466e-07 7.773885999999999852e-01
7.299999999999999987e-07 7.409341000000000399e-01
7.350000000000000567e-07 7.073692999999999786e-01
7.400000000000000089e-07 6.764251999999999487e-01
7.450000000000000669e-07 6.478553999999999702e-01
7.500000000000000190e-07 6.214361999999999941e-01
7.550000000000000770e-07 5.969653999999999794e-01
7.600000000000000291e-07 5.742608000000000157e-01
7.650000000000000871e-07 5.531587999999999505e-01
7.700000000000000393e-07 5.335124999999999451e-01
7.750000000000000973e-07 5.151904000000000483e-01
7.800000000000000494e-07 4.980745999999999785e-01
7.850000000000000015e-07 4.820590000000000153e-01
7.900000000000000595e-07 4.670491999999999977e-01
7.950000000000000117e-07 4.529597000000000206e-01
8.000000000000000697e-07 4.397136999999999851e-01
8.050000000000000218e-07 4.272425000000000250e-01
8.100000000000000798e-07 4.154838000000000142e-01
8.150000000000000319e-07 4.041698000000000235e-01
8.200000000000000899e-07 3.936799999999999744e-01
8.250000000000000421e-07 3.837495000000000211e-01
