2.066399999999999904e-07 1.936500000000000110e+00
2.076699999999999935e-07 1.952900000000000080e+00
2.086999999999999966e-07 1.969799999999999995e+00
2.097499999999999920e-07 1.987200000000000077e+00
2.108099999999999974e-07 2.005100000000000104e+00
2.118800000000000128e-07 2.023600000000000065e+00
2.129500000000000004e-07 2.042800000000000171e+00
2.140400000000000080e-07 2.062600000000000211e+00
2.151500000000000079e-07 2.083099999999999952e+00
2.162600000000000078e-07 2.104299999999999837e+00
2.173799999999999899e-07 2.126399999999999846e+00
2.185199999999999920e-07 2.149399999999999977e+00
2.196700000000000041e-07 2.173299999999999788e+00
2.208299999999999985e-07 2.198199999999999932e+00
2.220000000000000029e-07 2.224299999999999944e+00
2.231799999999999895e-07 2.251500000000000057e+00
2.243799999999999961e-07 2.279999999999999805e+00
2.255900000000000127e-07 2.309899999999999842e+00
2.268100000000000116e-07 2.341299999999999937e+00
2.280500000000000027e-07 2.374400000000000066e+00
2.293000000000000038e-07 2.409199999999999786e+00
2.305699999999999972e-07 2.446000000000000174e+00
2.318399999999999905e-07 2.484900000000000109e+00
2.331399999999999861e-07 2.526100000000000012e+00
2.344400000000000095e-07 2.569799999999999862e+00
2.357700000000000073e-07 2.616200000000000081e+00
2.371000000000000052e-07 2.665399999999999991e+00
2.384499999999999953e-07 2.717799999999999994e+00
2.398200000000000054e-07 2.773600000000000065e+00
2.411999999999999977e-07 2.832899999999999974e+00
2.426000000000000101e-07 2.895799999999999930e+00
2.440199999999999869e-07 2.962499999999999911e+00
2.454500000000000015e-07 3.032799999999999940e+00
2.469000000000000083e-07 3.106399999999999828e+00
2.483700000000000074e-07 3.182799999999999851e+00
2.498499999999999888e-07 3.260600000000000165e+00
2.513500000000000179e-07 3.337899999999999867e+00
2.528699999999999837e-07 3.411700000000000177e+00
2.544100000000000250e-07 3.477500000000000036e+00
2.559699999999999753e-07 3.529300000000000104e+00
2.575500000000000012e-07 3.559000000000000163e+00
2.591399999999999815e-07 3.557999999999999829e+00
2.607599999999999918e-07 3.517999999999999794e+00
2.623900000000000121e-07 3.434200000000000141e+00
2.640500000000000069e-07 3.307700000000000085e+00
2.657300000000000217e-07 3.146900000000000031e+00
2.674300000000000010e-07 2.965599999999999792e+00
2.691500000000000004e-07 2.779100000000000126e+00
2.708900000000000197e-07 2.600499999999999812e+00
2.726600000000000135e-07 2.438299999999999912e+00
2.744500000000000273e-07 2.297000000000000153e+00
2.762600000000000056e-07 2.177200000000000024e+00
2.781000000000000139e-07 2.077999999999999847e+00
2.799599999999999866e-07 1.997100000000000097e+00
2.818499999999999894e-07 1.931899999999999951e+00
2.837600000000000122e-07 1.880100000000000104e+00
2.857000000000000095e-07 1.839399999999999924e+00
2.876600000000000268e-07 1.807900000000000063e+00
2.896599999999999731e-07 1.783900000000000041e+00
2.916799999999999948e-07 1.766000000000000014e+00
2.937199999999999811e-07 1.753300000000000081e+00
2.958000000000000074e-07 1.744599999999999929e+00
2.979100000000000081e-07 1.739400000000000057e+00
3.000499999999999834e-07 1.736799999999999899e+00
3.022199999999999886e-07 1.736599999999999921e+00
3.044200000000000239e-07 1.738099999999999978e+00
3.066499999999999782e-07 1.741200000000000081e+00
3.089100000000000179e-07 1.745400000000000063e+00
3.112099999999999866e-07 1.750499999999999945e+00
3.135399999999999854e-07 1.756399999999999961e+00
3.159100000000000241e-07 1.762799999999999923e+00
3.183199999999999918e-07 1.769700000000000051e+00
3.207599999999999896e-07 1.776799999999999935e+00
3.232400000000000273e-07 1.784200000000000008e+00
3.257599999999999940e-07 1.791600000000000081e+00
3.283099999999999907e-07 1.798999999999999932e+00
3.309099999999999819e-07 1.806300000000000017e+00
3.335500000000000131e-07 1.813399999999999901e+00
3.362299999999999733e-07 1.820300000000000029e+00
3.389599999999999835e-07 1.826899999999999968e+00
3.417299999999999782e-07 1.833199999999999941e+00
3.445400000000000129e-07 1.838899999999999979e+00
3.474099999999999966e-07 1.844200000000000061e+00
3.503200000000000203e-07 1.848899999999999988e+00
3.532799999999999829e-07 1.852800000000000002e+00
3.562899999999999956e-07 1.856000000000000094e+00
3.593500000000000028e-07 1.858400000000000052e+00
3.624600000000000044e-07 1.859699999999999909e+00
3.656300000000000106e-07 1.859900000000000109e+00
3.688600000000000212e-07 1.858800000000000008e+00
3.721400000000000263e-07 1.856400000000000050e+00
3.754799999999999804e-07 1.852400000000000047e+00
3.788799999999999946e-07 1.846899999999999986e+00
3.823500000000000232e-07 1.839900000000000091e+00
3.858800000000000008e-07 1.831800000000000095e+00
3.894699999999999829e-07 1.824000000000000066e+00
3.931299999999999795e-07 1.819099999999999939e+00
3.968599999999999905e-07 1.822000000000000064e+00
4.006600000000000161e-07 2.232699999999999907e+00
4.045400000000000107e-07 1.901299999999999990e+00
4.084900000000000198e-07 1.694299999999999917e+00
4.125199999999999978e-07 1.521700000000000053e+00
4.166300000000000003e-07 1.362100000000000088e+00
4.208200000000000274e-07 1.206599999999999895e+00
4.250999999999999779e-07 1.050599999999999978e+00
4.294700000000000184e-07 8.915899999999999936e-01
4.339199999999999724e-07 8.221800000000000219e-01
4.384700000000000264e-07 8.014700000000000157e-01
4.431200000000000139e-07 7.797399999999999887e-01
4.478599999999999803e-07 7.571200000000000152e-01
4.527100000000000013e-07 7.337399999999999478e-01
4.576700000000000212e-07 7.097400000000000375e-01
4.627299999999999747e-07 6.852500000000000258e-01
4.679099999999999926e-07 6.603799999999999670e-01
4.732000000000000095e-07 6.352499999999999813e-01
4.786199999999999899e-07 6.099999999999999867e-01
4.841599999999999793e-07 5.847499999999999920e-01
4.898299999999999876e-07 5.596100000000000518e-01
4.956400000000000250e-07 5.347199999999999731e-01
5.015800000000000258e-07 5.102100000000000524e-01
5.076699999999999546e-07 4.862199999999999855e-01
5.139099999999999779e-07 4.629099999999999882e-01
5.202999999999999847e-07 4.404100000000000237e-01
5.268599999999999950e-07 4.188899999999999846e-01
5.335800000000000542e-07 3.985299999999999954e-01
5.404799999999999605e-07 3.794899999999999940e-01
5.475600000000000467e-07 3.619600000000000040e-01
5.548199999999999799e-07 3.461500000000000132e-01
5.622800000000000020e-07 3.322700000000000098e-01
5.699400000000000022e-07 3.205200000000000271e-01
5.778200000000000003e-07 3.111700000000000021e-01
5.859100000000000419e-07 3.044399999999999884e-01
5.942399999999999904e-07 3.005999999999999783e-01
6.028099999999999570e-07 2.999399999999999844e-01
6.116200000000000525e-07 3.016099999999999892e-01
6.207000000000000295e-07 3.031400000000000206e-01
6.300499999999999989e-07 3.044100000000000139e-01
6.396899999999999809e-07 3.053600000000000203e-01
6.496300000000000407e-07 3.059700000000000197e-01
6.598800000000000221e-07 3.061800000000000077e-01
6.704599999999999449e-07 3.059299999999999797e-01
6.813799999999999857e-07 3.051499999999999768e-01
6.926700000000000079e-07 3.037599999999999745e-01
7.043300000000000116e-07 3.016599999999999837e-01
7.164000000000000368e-07 2.987500000000000155e-01
7.288900000000000379e-07 2.948700000000000210e-01
7.418200000000000349e-07 2.898499999999999965e-01
7.552100000000000479e-07 2.834599999999999898e-01
7.691000000000000059e-07 2.754300000000000082e-01
7.835100000000000398e-07 2.653499999999999748e-01
7.984700000000000131e-07 2.526499999999999857e-01
8.140199999999999658e-07 2.364499999999999935e-01
8.301800000000000290e-07 2.150700000000000112e-01
8.469900000000000206e-07 1.837199999999999944e-01
8.645000000000000462e-07 1.422700000000000076e-01
8.827500000000000346e-07 1.204599999999999976e-01
9.017899999999999805e-07 8.674199999999999966e-02
9.216600000000000348e-07 6.960299999999999994e-03
9.424299999999999899e-07 0.0
9.641600000000000170e-07 0.0
9.869099999999999540e-07 0.0
1.010799999999999921e-06 0.0
1.035800000000000054e-06 0.0
1.062100000000000044e-06 0.0
1.089800000000000102e-06 0.0
