2.350000000000000529e-07 3.608000000000000540e+00
2.362520000000000167e-07 3.595000000000000195e+00
2.375040000000000070e-07 3.581999999999999851e+00
2.387559999999999973e-07 3.568000000000000060e+00
2.400080000000000406e-07 3.555000000000000160e+00
2.412600000000000309e-07 3.541999999999999815e+00
2.425129999999999958e-07 3.529999999999999805e+00
2.437649999999999861e-07 3.516000000000000014e+00
2.450170000000000294e-07 3.500999999999999890e+00
2.462690000000000197e-07 3.480999999999999872e+00
2.475210000000000100e-07 3.456999999999999851e+00
2.487730000000000003e-07 3.427999999999999936e+00
2.500250000000000435e-07 3.392999999999999794e+00
2.512769999999999809e-07 3.354000000000000092e+00
2.525290000000000241e-07 3.310000000000000053e+00
2.537810000000000144e-07 3.262000000000000011e+00
2.550330000000000047e-07 3.209999999999999964e+00
2.562850000000000479e-07 3.154999999999999805e+00
2.575380000000000129e-07 3.097999999999999865e+00
2.587900000000000561e-07 3.037999999999999812e+00
2.600419999999999935e-07 2.976999999999999869e+00
2.612939999999999838e-07 2.914000000000000146e+00
2.625460000000000270e-07 2.850999999999999979e+00
2.637980000000000173e-07 2.787999999999999812e+00
2.650500000000000076e-07 2.725999999999999979e+00
2.663020000000000509e-07 2.664000000000000146e+00
2.675539999999999882e-07 2.604000000000000092e+00
2.688059999999999785e-07 2.545999999999999819e+00
2.700580000000000218e-07 2.488999999999999879e+00
2.713109999999999867e-07 2.435000000000000053e+00
2.725630000000000300e-07 2.383999999999999897e+00
2.738150000000000203e-07 2.335999999999999854e+00
2.750670000000000106e-07 2.290999999999999925e+00
2.763190000000000538e-07 2.248000000000000220e+00
2.775710000000000441e-07 2.209000000000000075e+00
2.788229999999999815e-07 2.173000000000000043e+00
2.800750000000000247e-07 2.138999999999999790e+00
2.813270000000000150e-07 2.108999999999999986e+00
2.825790000000000053e-07 2.081999999999999851e+00
2.838310000000000486e-07 2.057999999999999829e+00
2.850830000000000389e-07 2.036999999999999922e+00
2.863360000000000568e-07 2.019000000000000128e+00
2.875880000000000471e-07 2.004000000000000004e+00
2.888399999999999844e-07 1.991000000000000103e+00
2.900920000000000277e-07 1.981000000000000094e+00
2.913440000000000180e-07 1.973000000000000087e+00
2.925960000000000083e-07 1.967999999999999972e+00
2.938480000000000515e-07 1.963999999999999968e+00
2.951000000000000418e-07 1.961999999999999966e+00
2.963519999999999792e-07 1.961999999999999966e+00
2.976040000000000224e-07 1.963999999999999968e+00
2.988560000000000127e-07 1.967000000000000082e+00
3.001089999999999777e-07 1.969999999999999973e+00
3.013610000000000209e-07 1.975000000000000089e+00
3.026130000000000112e-07 1.979999999999999982e+00
3.038650000000000545e-07 1.985000000000000098e+00
3.051170000000000448e-07 1.989999999999999991e+00
3.063690000000000351e-07 1.993999999999999995e+00
3.076210000000000254e-07 1.997999999999999998e+00
3.088730000000000157e-07 2.001999999999999780e+00
3.101250000000000060e-07 2.004000000000000004e+00
3.113770000000000492e-07 2.004000000000000004e+00
3.126290000000000395e-07 2.003000000000000114e+00
3.138809999999999769e-07 2.000000000000000000e+00
3.151340000000000477e-07 1.995000000000000107e+00
3.163860000000000380e-07 1.987999999999999989e+00
3.176379999999999754e-07 1.977999999999999980e+00
3.188900000000000186e-07 1.965000000000000080e+00
3.201420000000000089e-07 1.949999999999999956e+00
3.213939999999999992e-07 1.933000000000000052e+00
3.226460000000000424e-07 1.911999999999999922e+00
3.238980000000000327e-07 1.889999999999999902e+00
3.251500000000000230e-07 1.864000000000000101e+00
3.264020000000000133e-07 1.836000000000000076e+00
3.276540000000000036e-07 1.806000000000000050e+00
3.289070000000000215e-07 1.774000000000000021e+00
3.301590000000000118e-07 1.741000000000000103e+00
3.314110000000000021e-07 1.705000000000000071e+00
3.326630000000000454e-07 1.667999999999999927e+00
3.339150000000000357e-07 1.629999999999999893e+00
3.351669999999999730e-07 1.590999999999999970e+00
3.364190000000000163e-07 1.552000000000000046e+00
3.376710000000000066e-07 1.512000000000000011e+00
3.389229999999999969e-07 1.471000000000000085e+00
3.401750000000000401e-07 1.431000000000000050e+00
3.414270000000000304e-07 1.391000000000000014e+00
3.426790000000000207e-07 1.350999999999999979e+00
3.439320000000000386e-07 1.312000000000000055e+00
3.451840000000000289e-07 1.272999999999999909e+00
3.464360000000000192e-07 1.235999999999999988e+00
3.476880000000000095e-07 1.197999999999999954e+00
3.489399999999999998e-07 1.161999999999999922e+00
3.501920000000000431e-07 1.127000000000000002e+00
3.514440000000000334e-07 1.092000000000000082e+00
3.526960000000000237e-07 1.058000000000000052e+00
3.539480000000000140e-07 1.026000000000000023e+00
3.552000000000000043e-07 9.939999999999999947e-01
3.564519999999999946e-07 9.639999999999999680e-01
3.577050000000000125e-07 9.350000000000000533e-01
3.589570000000000028e-07 9.060000000000000275e-01
3.602090000000000460e-07 8.790000000000000036e-01
3.614610000000000363e-07 8.529999999999999805e-01
3.627130000000000266e-07 8.269999999999999574e-01
3.639650000000000169e-07 8.030000000000000471e-01
3.652170000000000072e-07 7.800000000000000266e-01
3.664689999999999975e-07 7.570000000000000062e-01
3.677210000000000407e-07 7.349999999999999867e-01
3.689730000000000310e-07 7.139999999999999680e-01
3.702250000000000213e-07 6.939999999999999503e-01
3.714770000000000116e-07 6.750000000000000444e-01
3.727300000000000295e-07 6.560000000000000275e-01
3.739820000000000728e-07 6.390000000000000124e-01
3.752340000000000101e-07 6.209999999999999964e-01
3.764860000000000004e-07 6.049999999999999822e-01
3.777380000000000437e-07 5.889999999999999680e-01
3.789900000000000340e-07 5.739999999999999547e-01
3.802420000000000243e-07 5.590000000000000524e-01
3.814940000000000675e-07 5.440000000000000391e-01
3.827460000000000049e-07 5.310000000000000275e-01
3.839979999999999952e-07 5.170000000000000151e-01
3.852500000000000384e-07 5.050000000000000044e-01
3.865030000000000034e-07 4.919999999999999929e-01
3.877549999999999937e-07 4.799999999999999822e-01
3.890070000000000369e-07 4.689999999999999725e-01
3.902590000000000272e-07 4.580000000000000182e-01
3.915110000000000705e-07 4.470000000000000084e-01
3.927630000000000078e-07 4.369999999999999996e-01
3.940149999999999981e-07 4.269999999999999907e-01
3.952670000000000414e-07 4.179999999999999827e-01
3.965190000000000317e-07 4.089999999999999747e-01
3.977710000000000220e-07 4.000000000000000222e-01
3.990230000000000652e-07 3.910000000000000142e-01
4.002750000000000026e-07 3.830000000000000071e-01
4.015280000000000205e-07 3.739999999999999991e-01
4.027800000000000108e-07 3.669999999999999929e-01
4.040320000000000011e-07 3.589999999999999858e-01
4.052839999999999914e-07 3.519999999999999796e-01
4.065360000000000346e-07 3.439999999999999725e-01
4.077880000000000249e-07 3.370000000000000218e-01
4.090400000000000681e-07 3.300000000000000155e-01
4.102920000000000055e-07 3.240000000000000102e-01
4.115439999999999958e-07 3.170000000000000040e-01
4.127960000000000390e-07 3.109999999999999987e-01
4.140480000000000293e-07 3.049999999999999933e-01
4.153009999999999943e-07 2.989999999999999880e-01
4.165530000000000375e-07 2.939999999999999836e-01
4.178050000000000278e-07 2.879999999999999782e-01
4.190570000000000181e-07 2.829999999999999738e-01
4.203090000000000614e-07 2.770000000000000240e-01
4.215609999999999987e-07 2.720000000000000195e-01
4.228129999999999890e-07 2.670000000000000151e-01
4.240650000000000323e-07 2.620000000000000107e-01
4.253170000000000226e-07 2.570000000000000062e-01
4.265690000000000658e-07 2.520000000000000018e-01
4.278210000000000561e-07 2.479999999999999982e-01
4.290729999999999935e-07 2.429999999999999938e-01
4.303260000000000643e-07 2.389999999999999902e-01
4.315780000000000017e-07 2.340000000000000135e-01
4.328299999999999920e-07 2.300000000000000100e-01
4.340820000000000352e-07 2.260000000000000064e-01
4.353340000000000255e-07 2.220000000000000029e-01
4.365860000000000158e-07 2.179999999999999993e-01
4.378380000000000591e-07 2.139999999999999958e-01
4.390899999999999964e-07 2.099999999999999922e-01
4.403419999999999867e-07 2.059999999999999887e-01
4.415940000000000300e-07 2.020000000000000129e-01
4.428460000000000203e-07 1.990000000000000102e-01
4.440980000000000635e-07 1.950000000000000067e-01
4.453510000000000285e-07 1.910000000000000031e-01
4.466030000000000188e-07 1.880000000000000004e-01
4.478550000000000620e-07 1.839999999999999969e-01
4.491070000000000523e-07 1.809999999999999942e-01
4.503589999999999897e-07 1.769999999999999907e-01
4.516110000000000329e-07 1.739999999999999880e-01
4.528630000000000232e-07 1.700000000000000122e-01
4.541150000000000135e-07 1.670000000000000095e-01
4.553670000000000567e-07 1.640000000000000069e-01
4.566190000000000470e-07 1.600000000000000033e-01
4.578709999999999844e-07 1.570000000000000007e-01
4.591240000000000552e-07 1.539999999999999980e-01
4.603759999999999926e-07 1.499999999999999944e-01
4.616280000000000358e-07 1.469999999999999918e-01
4.628800000000000261e-07 1.439999999999999891e-01
4.641320000000000164e-07 1.400000000000000133e-01
4.653840000000000597e-07 1.370000000000000107e-01
4.666360000000000500e-07 1.340000000000000080e-01
4.678879999999999873e-07 1.300000000000000044e-01
4.691400000000000306e-07 1.270000000000000018e-01
4.703920000000000209e-07 1.239999999999999991e-01
4.716440000000000112e-07 1.199999999999999956e-01
4.728960000000000544e-07 1.170000000000000068e-01
4.741490000000000194e-07 1.130000000000000032e-01
4.754010000000000626e-07 1.100000000000000006e-01
4.766530000000000529e-07 1.059999999999999970e-01
4.779050000000000432e-07 1.029999999999999943e-01
4.791569999999999806e-07 9.900000000000000466e-02
4.804090000000000238e-07 9.500000000000000111e-02
4.816610000000000671e-07 9.099999999999999756e-02
4.829130000000000044e-07 8.699999999999999400e-02
4.841650000000000477e-07 8.300000000000000433e-02
4.854169999999999850e-07 7.900000000000000078e-02
4.866690000000000283e-07 7.499999999999999722e-02
4.879220000000000991e-07 7.099999999999999367e-02
4.891740000000000365e-07 6.600000000000000311e-02
4.904259999999999738e-07 6.199999999999999956e-02
4.916780000000000171e-07 5.800000000000000294e-02
4.929300000000000603e-07 5.399999999999999939e-02
4.941819999999999977e-07 5.000000000000000278e-02
4.954340000000000409e-07 4.599999999999999922e-02
4.966859999999999783e-07 4.299999999999999656e-02
4.979380000000000215e-07 4.100000000000000172e-02
4.991900000000000648e-07 3.799999999999999906e-02
5.004420000000000021e-07 3.599999999999999728e-02
5.016940000000000454e-07 3.400000000000000244e-02
5.029470000000000103e-07 3.200000000000000067e-02
5.041990000000000536e-07 3.099999999999999978e-02
5.054510000000000968e-07 2.900000000000000147e-02
5.067030000000000342e-07 2.800000000000000058e-02
5.079549999999999715e-07 2.699999999999999969e-02
5.092070000000000148e-07 2.599999999999999881e-02
5.104590000000000580e-07 2.400000000000000050e-02
5.117109999999999954e-07 2.299999999999999961e-02
5.129630000000000386e-07 2.199999999999999872e-02
5.142150000000000818e-07 2.100000000000000130e-02
5.154670000000000192e-07 2.000000000000000042e-02
5.167200000000000900e-07 1.899999999999999953e-02
5.179720000000000274e-07 1.899999999999999953e-02
5.192240000000000706e-07 1.799999999999999864e-02
5.204760000000000080e-07 1.700000000000000122e-02
5.217279999999999454e-07 1.600000000000000033e-02
5.229800000000000945e-07 1.600000000000000033e-02
5.242320000000000318e-07 1.499999999999999944e-02
5.254840000000000751e-07 1.499999999999999944e-02
5.267360000000000124e-07 1.400000000000000029e-02
5.279880000000000557e-07 1.400000000000000029e-02
5.292399999999999930e-07 1.299999999999999940e-02
5.304920000000000363e-07 1.299999999999999940e-02
5.317450000000000012e-07 1.200000000000000025e-02
5.329969999999999386e-07 1.200000000000000025e-02
5.342490000000000877e-07 1.099999999999999936e-02
5.355010000000000251e-07 1.099999999999999936e-02
5.367530000000000683e-07 1.000000000000000021e-02
5.380050000000000057e-07 1.000000000000000021e-02
5.392569999999999430e-07 8.999999999999999320e-03
5.405090000000000922e-07 8.999999999999999320e-03
5.417610000000000295e-07 8.000000000000000167e-03
5.430130000000000728e-07 7.000000000000000146e-03
5.442650000000000101e-07 7.000000000000000146e-03
5.455180000000000810e-07 6.000000000000000125e-03
5.467700000000000183e-07 6.000000000000000125e-03
5.480220000000000616e-07 6.000000000000000125e-03
5.492739999999999989e-07 5.000000000000000104e-03
5.505259999999999363e-07 5.000000000000000104e-03
5.517780000000000854e-07 5.000000000000000104e-03
5.530300000000000228e-07 5.000000000000000104e-03
5.542820000000000660e-07 5.000000000000000104e-03
5.555340000000000034e-07 5.000000000000000104e-03
5.567859999999999407e-07 5.000000000000000104e-03
5.580380000000000898e-07 5.000000000000000104e-03
5.592900000000000272e-07 5.000000000000000104e-03
5.605429999999999922e-07 5.000000000000000104e-03
5.617950000000000354e-07 4.000000000000000083e-03
5.630470000000000786e-07 4.000000000000000083e-03
5.642990000000000160e-07 4.000000000000000083e-03
5.655510000000000592e-07 4.000000000000000083e-03
5.668029999999999966e-07 4.000000000000000083e-03
5.680549999999999340e-07 4.000000000000000083e-03
5.693070000000000831e-07 4.000000000000000083e-03
5.705590000000000204e-07 4.000000000000000083e-03
5.718110000000000637e-07 3.000000000000000062e-03
5.730630000000000010e-07 3.000000000000000062e-03
5.743160000000000719e-07 3.000000000000000062e-03
5.755680000000000092e-07 3.000000000000000062e-03
5.768200000000000525e-07 3.000000000000000062e-03
5.780719999999999898e-07 3.000000000000000062e-03
5.793240000000000331e-07 3.000000000000000062e-03
5.805760000000000763e-07 3.000000000000000062e-03
5.818280000000000137e-07 3.000000000000000062e-03
5.830800000000000569e-07 3.000000000000000062e-03
5.843319999999999943e-07 3.000000000000000062e-03
5.855839999999999316e-07 2.000000000000000042e-03
5.868360000000000808e-07 2.000000000000000042e-03
5.880880000000000181e-07 2.000000000000000042e-03
5.893410000000000890e-07 2.000000000000000042e-03
5.905930000000000263e-07 2.000000000000000042e-03
5.918450000000000696e-07 2.000000000000000042e-03
5.930970000000000069e-07 2.000000000000000042e-03
5.943490000000000502e-07 2.000000000000000042e-03
5.956009999999999875e-07 2.000000000000000042e-03
5.968530000000000308e-07 2.000000000000000042e-03
5.981050000000000740e-07 2.000000000000000042e-03
5.993570000000000114e-07 2.000000000000000042e-03
6.006090000000000546e-07 2.000000000000000042e-03
6.018609999999999920e-07 1.000000000000000021e-03
6.031140000000000628e-07 1.000000000000000021e-03
6.043660000000000002e-07 1.000000000000000021e-03
6.056180000000000434e-07 1.000000000000000021e-03
6.068700000000000866e-07 1.000000000000000021e-03
6.081220000000000240e-07 9.840000000000000656e-04
6.093740000000000672e-07 8.710000000000000294e-04
6.106260000000000046e-07 7.540000000000000044e-04
6.118780000000000478e-07 6.319999999999999663e-04
6.131299999999999852e-07 5.150000000000000498e-04
6.143820000000000284e-07 4.099999999999999912e-04
6.156340000000000717e-07 3.289999999999999739e-04
6.168860000000000090e-07 2.809999999999999998e-04
6.181390000000000799e-07 2.759999999999999867e-04
6.193910000000000172e-07 3.229999999999999907e-04
6.206430000000000605e-07 4.319999999999999838e-04
6.218949999999999978e-07 6.130000000000000466e-04
6.231470000000000411e-07 8.750000000000000182e-04
6.243990000000000843e-07 1.000000000000000021e-03
6.256510000000000217e-07 2.000000000000000042e-03
6.269030000000000649e-07 2.000000000000000042e-03
6.281550000000000023e-07 3.000000000000000062e-03
6.294070000000000455e-07 3.000000000000000062e-03
6.306589999999999829e-07 4.000000000000000083e-03
6.319120000000000537e-07 4.000000000000000083e-03
6.331639999999999911e-07 5.000000000000000104e-03
6.344160000000001402e-07 5.000000000000000104e-03
6.356680000000000776e-07 6.000000000000000125e-03
6.369200000000000149e-07 6.000000000000000125e-03
6.381720000000000582e-07 6.000000000000000125e-03
6.394239999999999955e-07 7.000000000000000146e-03
6.406760000000000388e-07 7.000000000000000146e-03
6.419280000000000820e-07 6.000000000000000125e-03
6.431800000000000194e-07 6.000000000000000125e-03
6.444320000000000626e-07 5.000000000000000104e-03
6.456840000000000000e-07 5.000000000000000104e-03
6.469370000000000708e-07 4.000000000000000083e-03
6.481890000000000082e-07 3.000000000000000062e-03
6.494410000000000514e-07 3.000000000000000062e-03
6.506929999999999888e-07 2.000000000000000042e-03
6.519450000000001379e-07 2.000000000000000042e-03
6.531970000000000752e-07 2.000000000000000042e-03
6.544490000000000126e-07 1.000000000000000021e-03
6.557010000000000558e-07 1.000000000000000021e-03
6.569529999999999932e-07 8.999999999999999754e-04
6.582050000000000364e-07 7.370000000000000249e-04
6.594570000000000797e-07 6.030000000000000204e-04
6.607100000000000447e-07 4.920000000000000328e-04
6.619619999999999820e-07 4.049999999999999781e-04
6.632140000000001311e-07 3.390000000000000001e-04
6.644660000000000685e-07 2.919999999999999961e-04
6.657180000000000059e-07 2.629999999999999959e-04
6.669700000000000491e-07 2.500000000000000052e-04
6.682219999999999865e-07 2.519999999999999996e-04
6.694740000000001356e-07 2.660000000000000146e-04
6.707260000000000729e-07 2.910000000000000260e-04
6.719780000000000103e-07 3.260000000000000094e-04
6.732300000000000535e-07 3.690000000000000246e-04
6.744819999999999909e-07 4.169999999999999987e-04
6.757350000000000617e-07 4.699999999999999859e-04
6.769869999999999991e-07 5.259999999999999919e-04
6.782390000000000423e-07 5.820000000000000520e-04
6.794909999999999797e-07 6.380000000000000037e-04
6.807430000000001288e-07 6.920000000000000153e-04
6.819950000000000662e-07 7.420000000000000380e-04
6.832470000000000035e-07 7.860000000000000233e-04
6.844990000000000468e-07 8.249999999999999955e-04
6.857509999999999841e-07 8.599999999999999789e-04
6.870030000000001332e-07 8.899999999999999491e-04
6.882550000000000706e-07 9.169999999999999549e-04
6.895080000000000356e-07 9.389999999999999476e-04
6.907600000000000788e-07 9.579999999999999757e-04
6.920120000000000162e-07 9.730000000000000151e-04
6.932640000000000594e-07 9.859999999999998974e-04
6.945159999999999968e-07 9.959999999999999236e-04
6.957680000000000400e-07 1.000000000000000021e-03
6.970199999999999774e-07 1.000000000000000021e-03
6.982720000000001265e-07 1.000000000000000021e-03
6.995240000000000639e-07 1.000000000000000021e-03
7.007760000000000012e-07 1.000000000000000021e-03
7.020280000000000445e-07 1.000000000000000021e-03
7.032799999999999818e-07 1.000000000000000021e-03
7.045330000000000527e-07 1.000000000000000021e-03
7.057849999999999900e-07 1.000000000000000021e-03
7.070370000000000333e-07 1.000000000000000021e-03
7.082890000000000765e-07 1.000000000000000021e-03
7.095410000000001197e-07 1.000000000000000021e-03
7.107930000000000571e-07 1.000000000000000021e-03
7.120449999999999945e-07 1.000000000000000021e-03
7.132970000000000377e-07 1.000000000000000021e-03
7.145489999999999751e-07 9.990000000000001049e-04
7.158010000000001242e-07 9.970000000000000563e-04
7.170530000000000615e-07 9.950000000000000077e-04
7.183060000000001324e-07 9.940000000000000918e-04
7.195580000000000697e-07 9.920000000000000432e-04
7.208100000000000071e-07 9.899999999999999946e-04
7.220620000000000503e-07 9.890000000000000787e-04
7.233139999999999877e-07 9.870000000000000301e-04
7.245660000000000309e-07 9.849999999999999815e-04
7.258180000000000742e-07 9.840000000000000656e-04
7.270700000000001174e-07 9.820000000000000170e-04
7.283220000000000548e-07 9.799999999999999684e-04
7.295739999999999921e-07 9.779999999999999197e-04
7.308260000000000354e-07 9.759999999999999796e-04
7.320779999999999727e-07 9.749999999999999552e-04
7.333310000000000436e-07 9.730000000000000151e-04
7.345829999999999809e-07 9.709999999999999664e-04
7.358350000000001301e-07 9.690000000000000262e-04
7.370870000000000674e-07 9.669999999999999776e-04
7.383390000000001107e-07 9.650000000000000374e-04
7.395910000000000480e-07 9.640000000000000131e-04
7.408429999999999854e-07 9.619999999999999645e-04
7.420950000000000286e-07 9.600000000000000243e-04
7.433470000000000719e-07 9.579999999999999757e-04
7.445990000000001151e-07 9.560000000000000355e-04
7.458510000000000525e-07 9.539999999999999869e-04
7.471040000000001233e-07 9.520000000000000467e-04
7.483560000000000607e-07 9.499999999999999981e-04
7.496079999999999980e-07 9.479999999999999495e-04
7.508600000000000413e-07 9.460000000000000093e-04
7.521119999999999786e-07 9.439999999999999607e-04
7.533640000000001277e-07 9.420000000000000205e-04
7.546160000000000651e-07 9.399999999999999719e-04
7.558680000000001083e-07 9.380000000000000317e-04
7.571200000000000457e-07 9.359999999999999831e-04
7.583719999999999831e-07 9.340000000000000429e-04
7.596240000000000263e-07 9.319999999999999942e-04
7.608760000000000695e-07 9.300000000000000541e-04
7.621290000000000345e-07 9.280000000000000054e-04
7.633809999999999719e-07 9.259999999999999568e-04
7.646330000000001210e-07 9.240000000000000166e-04
7.658850000000000583e-07 9.219999999999999680e-04
7.671369999999999957e-07 9.200000000000000278e-04
7.683890000000000389e-07 9.179999999999999792e-04
7.696409999999999763e-07 9.160000000000000390e-04
7.708930000000001254e-07 9.139999999999999904e-04
7.721450000000000628e-07 9.110000000000000259e-04
7.733970000000001060e-07 9.089999999999999773e-04
7.746490000000000434e-07 9.070000000000000371e-04
7.759020000000001142e-07 9.049999999999999885e-04
7.771540000000000516e-07 9.030000000000000483e-04
7.784059999999999889e-07 9.009999999999999997e-04
7.796580000000000322e-07 8.989999999999999511e-04
7.809099999999999695e-07 8.959999999999999866e-04
7.821620000000001187e-07 8.940000000000000464e-04
7.834140000000000560e-07 8.919999999999999978e-04
7.846660000000000993e-07 8.899999999999999491e-04
7.859180000000000366e-07 8.880000000000000089e-04
7.871699999999999740e-07 8.859999999999999603e-04
7.884220000000001231e-07 8.829999999999999958e-04
7.896740000000000605e-07 8.809999999999999472e-04
7.909270000000000254e-07 8.790000000000000070e-04
7.921790000000000687e-07 8.769999999999999584e-04
7.934310000000001119e-07 8.739999999999999939e-04
7.946830000000000493e-07 8.720000000000000537e-04
7.959349999999999866e-07 8.700000000000000051e-04
7.971870000000000299e-07 8.679999999999999565e-04
7.984389999999999672e-07 8.649999999999999920e-04
7.996910000000001163e-07 8.630000000000000518e-04
8.009430000000000537e-07 8.610000000000000032e-04
8.021950000000000969e-07 8.589999999999999546e-04
8.034470000000000343e-07 8.559999999999999901e-04
8.046989999999999717e-07 8.540000000000000499e-04
8.059520000000000425e-07 8.520000000000000013e-04
8.072039999999999799e-07 8.499999999999999526e-04
8.084560000000000231e-07 8.469999999999999881e-04
8.097080000000000663e-07 8.450000000000000479e-04
8.109600000000001096e-07 8.429999999999999993e-04
8.122120000000000469e-07 8.400000000000000348e-04
8.134640000000000902e-07 8.379999999999999862e-04
8.147160000000000275e-07 8.360000000000000460e-04
8.159679999999999649e-07 8.339999999999999974e-04
8.172200000000001140e-07 8.310000000000000329e-04
8.184720000000000514e-07 8.289999999999999843e-04
8.197250000000001222e-07 8.270000000000000441e-04
8.209770000000000596e-07 8.239999999999999712e-04
8.222290000000001028e-07 8.220000000000000310e-04
8.234810000000000402e-07 8.199999999999999824e-04
8.247329999999999775e-07 8.170000000000000179e-04
8.259850000000000208e-07 8.149999999999999693e-04
8.272370000000000640e-07 8.130000000000000291e-04
8.284890000000001073e-07 8.099999999999999561e-04
8.297410000000000446e-07 8.080000000000000160e-04
8.309930000000000879e-07 8.059999999999999673e-04
8.322450000000000252e-07 8.030000000000000028e-04
8.334969999999999626e-07 8.009999999999999542e-04
8.347500000000000334e-07 7.990000000000000140e-04
8.360019999999999708e-07 7.969999999999999654e-04
8.372540000000001199e-07 7.940000000000000009e-04
8.385060000000000573e-07 7.919999999999999523e-04
8.397580000000001005e-07 7.900000000000000121e-04
8.410100000000000379e-07 7.870000000000000476e-04
8.422619999999999752e-07 7.849999999999999990e-04
8.435140000000000185e-07 7.829999999999999504e-04
8.447660000000000617e-07 7.799999999999999859e-04
8.460180000000001049e-07 7.780000000000000457e-04
8.472700000000000423e-07 7.759999999999999971e-04
8.485230000000001132e-07 7.730000000000000326e-04
8.497750000000000505e-07 7.709999999999999840e-04
8.510270000000000938e-07 7.690000000000000438e-04
8.522790000000000311e-07 7.669999999999999951e-04
8.535309999999999685e-07 7.640000000000000306e-04
8.547830000000001176e-07 7.619999999999999820e-04
8.560350000000000549e-07 7.600000000000000418e-04
8.572870000000000982e-07 7.569999999999999689e-04
8.585390000000000355e-07 7.550000000000000287e-04
8.597910000000000788e-07 7.529999999999999801e-04
8.610430000000000161e-07 7.510000000000000399e-04
8.622950000000000594e-07 7.479999999999999670e-04
8.635480000000000244e-07 7.460000000000000268e-04
8.647999999999999617e-07 7.439999999999999782e-04
8.660520000000001108e-07 7.420000000000000380e-04
8.673040000000000482e-07 7.389999999999999651e-04
8.685560000000000914e-07 7.370000000000000249e-04
8.698080000000000288e-07 7.349999999999999763e-04
8.710599999999999662e-07 7.330000000000000361e-04
8.723120000000001153e-07 7.299999999999999632e-04
8.735640000000000526e-07 7.280000000000000230e-04
8.748160000000000959e-07 7.259999999999999743e-04
8.760680000000000332e-07 7.240000000000000342e-04
8.773210000000001041e-07 7.209999999999999612e-04
8.785730000000000414e-07 7.190000000000000210e-04
8.798250000000000847e-07 7.169999999999999724e-04
8.810770000000000220e-07 7.150000000000000322e-04
8.823289999999999594e-07 7.129999999999999836e-04
8.835810000000001085e-07 7.110000000000000434e-04
8.848330000000000459e-07 7.079999999999999705e-04
8.860850000000000891e-07 7.060000000000000303e-04
8.873370000000000265e-07 7.039999999999999817e-04
8.885890000000000697e-07 7.020000000000000415e-04
8.898410000000001130e-07 6.999999999999999929e-04
8.910930000000000503e-07 6.980000000000000527e-04
8.923460000000000153e-07 6.960000000000000041e-04
8.935980000000000585e-07 6.939999999999999555e-04
8.948500000000001018e-07 6.909999999999999910e-04
8.961020000000000391e-07 6.890000000000000508e-04
8.973540000000000824e-07 6.870000000000000022e-04
8.986060000000000197e-07 6.849999999999999535e-04
8.998579999999999571e-07 6.830000000000000134e-04
9.011100000000001062e-07 6.809999999999999647e-04
9.023620000000000436e-07 6.790000000000000245e-04
9.036140000000000868e-07 6.769999999999999759e-04
9.048660000000000242e-07 6.750000000000000357e-04
9.061190000000000950e-07 6.729999999999999871e-04
9.073710000000000324e-07 6.710000000000000469e-04
9.086230000000000756e-07 6.689999999999999983e-04
9.098750000000000130e-07 6.669999999999999497e-04
9.111270000000000562e-07 6.650000000000000095e-04
9.123790000000000994e-07 6.629999999999999609e-04
9.136310000000000368e-07 6.610000000000000207e-04
9.148830000000000800e-07 6.589999999999999721e-04
9.161350000000000174e-07 6.570000000000000319e-04
9.173869999999999548e-07 6.560000000000000076e-04
9.186390000000001039e-07 6.539999999999999590e-04
9.198910000000000412e-07 6.520000000000000188e-04
9.211440000000001121e-07 6.499999999999999702e-04
9.223960000000000494e-07 6.480000000000000300e-04
9.236480000000000927e-07 6.459999999999999814e-04
9.249000000000000300e-07 6.440000000000000412e-04
9.261520000000000733e-07 6.430000000000000169e-04
9.274040000000000106e-07 6.409999999999999682e-04
9.286560000000000539e-07 6.390000000000000280e-04
9.299080000000000971e-07 6.369999999999999794e-04
9.311600000000000345e-07 6.359999999999999551e-04
9.324120000000000777e-07 6.340000000000000149e-04
9.336640000000000151e-07 6.319999999999999663e-04
9.349170000000000859e-07 6.300000000000000261e-04
9.361690000000000233e-07 6.290000000000000018e-04
9.374210000000000665e-07 6.269999999999999532e-04
9.386730000000001098e-07 6.250000000000000130e-04
9.399250000000000471e-07 6.239999999999999887e-04
9.411770000000000904e-07 6.220000000000000485e-04
9.424290000000000277e-07 6.210000000000000242e-04
9.436810000000000710e-07 6.189999999999999756e-04
9.449330000000000083e-07 6.170000000000000354e-04
9.461850000000000516e-07 6.160000000000000111e-04
9.474370000000000948e-07 6.139999999999999625e-04
9.486890000000000322e-07 6.130000000000000466e-04
9.499420000000001030e-07 6.109999999999999980e-04
9.511940000000000404e-07 6.099999999999999737e-04
9.524460000000000836e-07 6.080000000000000335e-04
9.536980000000000210e-07 6.070000000000000092e-04
9.549500000000000642e-07 6.049999999999999606e-04
9.562020000000001074e-07 6.040000000000000447e-04
9.574539999999999389e-07 6.030000000000000204e-04
9.587059999999999822e-07 6.009999999999999717e-04
9.599580000000000254e-07 5.999999999999999474e-04
9.612100000000000686e-07 5.990000000000000316e-04
9.624620000000001119e-07 5.969999999999999829e-04
9.637150000000001827e-07 5.959999999999999586e-04
9.649670000000000142e-07 5.950000000000000427e-04
9.662190000000000574e-07 5.929999999999999941e-04
9.674710000000001007e-07 5.919999999999999698e-04
9.687229999999999322e-07 5.910000000000000539e-04
9.699750000000001872e-07 5.900000000000000296e-04
9.712270000000000186e-07 5.879999999999999810e-04
9.724790000000000619e-07 5.869999999999999567e-04
9.737310000000001051e-07 5.860000000000000408e-04
9.749829999999999366e-07 5.850000000000000165e-04
9.762349999999999798e-07 5.839999999999999922e-04
9.774870000000000231e-07 5.829999999999999679e-04
9.787400000000000939e-07 5.820000000000000520e-04
9.799919999999999254e-07 5.810000000000000277e-04
9.812440000000001804e-07 5.800000000000000034e-04
9.824960000000000119e-07 5.789999999999999791e-04
9.837480000000000551e-07 5.779999999999999548e-04
9.850000000000000984e-07 5.770000000000000389e-04
