330.1791e-9 0.196746
334.9031e-9 0.168535
336.6801e-9 0.146868
342.0151e-9 0.0939062
344.3931e-9 0.0700951
347.9421e-9 0.0575155
351.4951e-9 0.0448194
357.9941e-9 0.0337462
364.4921e-9 0.0262983
373.3431e-9 0.0208506
382.7821e-9 0.0168185
395.7551e-9 0.0134507
405.7781e-9 0.0116226
416.3871e-9 0.0103947
430.5321e-9 0.00898261
444.6761e-9 0.00782939
464.7091e-9 0.00688386
486.5091e-9 0.00600085
504.7731e-9 0.00541392
527.1591e-9 0.00488473
556.6131e-9 0.00437003
580.1751e-9 0.00404603
600.2031e-9 0.00374584
626.7101e-9 0.00346829
653.8041e-9 0.00326707
692.0901e-9 0.00297398
715.6511e-9 0.00280127
751.5801e-9 0.00259411
790.4521e-9 0.00244408
812.2441e-9 0.00234203
831.0921e-9 0.00226352
848.7611e-9 0.00220650
