[0.000]
file = 0.000_InGaSb_K.txt
1 = 224.99451722705504 2.672844
2 = 237.81229497008567 2.714843518535851
3 = 294.7899508278041 4.007163749306961
4 = 352.1187786784823 2.5802791782764194
5 = 323.4104682540232 3.1387995039871632
6 = 410.0621575168399 2.17597800776865
7 = 468.7956733393571 2.490067457416709
8 = 524.8076062164362 1.9220682269284817
9 = 560.7149424965698 2.001440211539864
10 = 676.7582298902852 0.581421480340172
11 = 825.1920378263374 0.252144

[0.100]
file = 0.100_InGaSb_K.txt
1 = 224.9067242288151 2.628405
2 = 238.0756739648055 2.6620100993160998
3 = 298.3894637556415 3.9727958976058857
4 = 352.1187786784823 2.5769715397325395
5 = 325.5175002117817 3.1514041119408414
6 = 410.2377435133198 2.1376855833258426
7 = 475.5557342038322 2.4739070458444097
8 = 535.4305590034684 1.9017502905328538
9 = 575.1129942079194 2.003751644301329
10 = 688.5153631921506 0.6264452303435135
11 = 824.7021572720929 0.27769457633959826

[0.300]
file = 0.300_InGaSb_K.txt
1 = 224.99451722705504 2.553697
2 = 240.09491292432398 2.5814663423684205
3 = 303.48145765355775 3.9136450019300617
4 = 351.85539968376247 2.582682490958793
5 = 328.41466915369955 3.180351863386452
6 = 414.36401443059674 2.0781631137084817
7 = 487.67116796094325 2.4430540106679435
8 = 549.565231720098 1.8745740253838603
9 = 599.9584127098213 2.012147318989252
10 = 708.600465916171 0.709198941848217
11 = 825.6819183805817 0.330432

[0.500]
file = 0.500_InGaSb_K.txt
1 = 224.9067242288151 2.496049
2 = 242.2897378803224 2.53076404820458
3 = 305.4129036148363 3.855311740935121
4 = 351.9431926820024 2.5828291822738425
5 = 329.9949431220184 3.1899033274983974
6 = 415.85649540067567 2.044535939277534
7 = 495.13357281133784 2.4229461312704372
8 = 560.9783214912898 1.8608958021773883
9 = 616.6390823754091 2.0238749106590763
10 = 722.3171214350141 0.7741464646799039
11 = 825.1920378263374 0.377382

[0.700]
file = 0.700_InGaSb_K.txt
1 = 224.9067242288151 2.453886
2 = 243.78221885040134 2.49306933109028
3 = 306.9053845849152 3.7767313880299453
4 = 352.1187786784823 2.572380778884478
5 = 330.60949410969795 3.17706199126131
6 = 416.29546039187534 2.034137517412429
7 = 499.8743947162944 2.403925751196304
8 = 566.8604523733654 1.8611553646384187
9 = 625.067210206443 2.0397445253795894
10 = 729.6653297486799 0.8004107741339042
11 = 825.1920378263374 0.403447

[0.900]
file = 0.900_InGaSb_K.txt
1 = 224.99451722705504 2.426153
2 = 244.66014883280067 2.4724255991288087
3 = 307.51993557259476 3.6958134613697786
4 = 351.5042276908027 2.566160090982166
5 = 329.6437711290587 3.1595828972797086
6 = 416.11987439539547 2.0455818075729444
7 = 497.679569760296 2.39268900662569
8 = 561.6806654772092 1.8731302695853744
9 = 620.3263883014864 2.0572319559803653
10 = 728.6855686401913 0.7933814768091132
11 = 825.6819183805817 0.398142

[1.000]
file = 1.000_InGaSb_K.txt
1 = 224.99451722705504 2.417471
2 = 244.9235278275205 2.469349510581308
3 = 307.3443495761149 3.652437792118128
4 = 351.41643469256275 2.5549524392257243
5 = 328.9414271431392 3.13806324038987
6 = 415.6809094041958 2.0592645996803487
7 = 495.0457798130979 2.3922201080472103
8 = 555.5351556004138 1.8851742605006607
9 = 617.1658403648487 2.0647670724301195
10 = 724.2766436519917 0.7831226313035358
11 = 825.6819183805817 0.3837495

