2.250000000000000163e-07 1.221060000000000034e+00
2.300000000000000214e-07 1.290491000000000055e+00
2.350000000000000264e-07 1.324500999999999928e+00
2.400000000000000315e-07 1.332095000000000029e+00
2.450000000000000366e-07 1.331688999999999901e+00
2.500000000000000416e-07 1.337528999999999968e+00
2.549999999999999938e-07 1.357167999999999930e+00
2.599999999999999988e-07 1.394390000000000018e+00
2.650000000000000039e-07 1.452016999999999891e+00
2.700000000000000090e-07 1.533468999999999971e+00
2.750000000000000140e-07 1.643370999999999915e+00
2.800000000000000191e-07 1.788067999999999991e+00
2.850000000000000242e-07 1.974266999999999994e+00
2.900000000000000292e-07 2.207106000000000012e+00
2.950000000000000343e-07 2.485100000000000087e+00
3.000000000000000394e-07 2.792930000000000135e+00
3.050000000000000444e-07 3.097958000000000212e+00
3.099999999999999966e-07 3.358334000000000152e+00
3.150000000000000016e-07 3.544833000000000123e+00
3.200000000000000067e-07 3.656147999999999954e+00
3.250000000000000118e-07 3.713572999999999791e+00
3.300000000000000168e-07 3.743869999999999809e+00
3.350000000000000219e-07 3.765591999999999828e+00
3.400000000000000270e-07 3.784657000000000160e+00
3.450000000000000320e-07 3.798094999999999999e+00
3.500000000000000371e-07 3.801565000000000083e+00
3.550000000000000422e-07 3.794742999999999977e+00
3.600000000000000472e-07 3.781752000000000002e+00
3.649999999999999994e-07 3.768367000000000022e+00
3.700000000000000044e-07 3.758910000000000196e+00
3.750000000000000095e-07 3.754461000000000048e+00
3.800000000000000146e-07 3.752882000000000051e+00
3.850000000000000196e-07 3.750471999999999806e+00
3.900000000000000247e-07 3.744169999999999998e+00
3.950000000000000298e-07 3.732879000000000058e+00
4.000000000000000348e-07 3.717386999999999997e+00
4.050000000000000399e-07 3.699508999999999936e+00
4.100000000000000450e-07 3.681249999999999911e+00
4.150000000000000500e-07 3.664346999999999799e+00
4.200000000000000022e-07 3.650158999999999931e+00
4.250000000000000072e-07 3.639743000000000173e+00
4.300000000000000123e-07 3.633995999999999782e+00
4.350000000000000174e-07 3.633824000000000165e+00
4.400000000000000224e-07 3.640289999999999804e+00
4.450000000000000275e-07 3.654749999999999943e+00
4.500000000000000326e-07 3.678738000000000063e+00
4.550000000000000376e-07 3.714859999999999829e+00
4.600000000000000427e-07 3.765198999999999963e+00
4.650000000000000478e-07 3.831694999999999851e+00
4.700000000000000528e-07 3.914833999999999925e+00
4.750000000000000050e-07 4.012213000000000029e+00
4.800000000000000630e-07 4.117428999999999562e+00
4.850000000000000151e-07 4.220486000000000182e+00
4.900000000000000731e-07 4.310430000000000206e+00
4.950000000000000252e-07 4.379089999999999705e+00
5.000000000000000833e-07 4.423504000000000325e+00
5.050000000000000354e-07 4.445299000000000333e+00
5.099999999999999875e-07 4.450231999999999744e+00
5.150000000000000455e-07 4.443706999999999852e+00
5.199999999999999976e-07 4.430977000000000388e+00
5.250000000000000557e-07 4.416287999999999769e+00
5.300000000000000078e-07 4.402904999999999625e+00
5.350000000000000658e-07 4.392751999999999768e+00
5.400000000000000179e-07 4.389065000000000438e+00
5.450000000000000759e-07 4.392951000000000050e+00
5.500000000000000281e-07 4.405954000000000370e+00
5.550000000000000861e-07 4.429460999999999871e+00
5.600000000000000382e-07 4.464610999999999663e+00
5.649999999999999903e-07 4.512108999999999703e+00
5.700000000000000483e-07 4.571957000000000271e+00
5.750000000000000004e-07 4.643151999999999724e+00
5.800000000000000585e-07 4.723454000000000264e+00
5.850000000000000106e-07 4.809364999999999668e+00
5.900000000000000686e-07 4.896396000000000193e+00
5.950000000000000207e-07 4.979655000000000165e+00
6.000000000000000787e-07 5.054594999999999949e+00
6.050000000000000309e-07 5.117710999999999899e+00
6.100000000000000889e-07 5.166935999999999751e+00
6.150000000000000410e-07 5.201703000000000188e+00
6.199999999999999931e-07 5.222673000000000343e+00
6.250000000000000511e-07 5.231334000000000373e+00
6.300000000000000033e-07 5.229592000000000240e+00
6.350000000000000613e-07 5.219443000000000055e+00
6.400000000000000134e-07 5.202765000000000306e+00
6.450000000000000714e-07 5.181200999999999723e+00
6.500000000000000235e-07 5.156126999999999683e+00
6.550000000000000815e-07 5.128654000000000046e+00
6.600000000000000337e-07 5.099652999999999992e+00
6.650000000000000917e-07 5.069797000000000331e+00
6.700000000000000438e-07 5.039592999999999989e+00
6.749999999999999959e-07 5.009420000000000428e+00
6.800000000000000539e-07 4.979554000000000258e+00
6.850000000000000061e-07 4.950193999999999761e+00
6.900000000000000641e-07 4.921476000000000184e+00
6.950000000000000162e-07 4.893494999999999706e+00
7.000000000000000742e-07 4.866306999999999938e+00
7.050000000000000263e-07 4.839946000000000303e+00
7.100000000000000843e-07 4.814428000000000374e+00
7.150000000000000365e-07 4.789752000000000010e+00
7.200000000000000945e-07 4.765908999999999729e+00
7.250000000000000466e-07 4.742882999999999960e+00
7.299999999999999987e-07 4.720652000000000292e+00
7.350000000000000567e-07 4.699190999999999896e+00
7.400000000000000089e-07 4.677876999999999619e+00
7.450000000000000669e-07 4.657887999999999806e+00
7.500000000000000190e-07 4.638587000000000238e+00
7.550000000000000770e-07 4.619946999999999804e+00
7.600000000000000291e-07 4.601939999999999920e+00
7.650000000000000871e-07 4.584538000000000224e+00
7.700000000000000393e-07 4.567715999999999887e+00
7.750000000000000973e-07 4.551447999999999716e+00
7.800000000000000494e-07 4.535711000000000048e+00
7.850000000000000015e-07 4.520480000000000054e+00
7.900000000000000595e-07 4.505734000000000350e+00
7.950000000000000117e-07 4.491451999999999778e+00
8.000000000000000697e-07 4.477612999999999843e+00
8.050000000000000218e-07 4.464197999999999666e+00
8.100000000000000798e-07 4.451189000000000284e+00
8.150000000000000319e-07 4.438569000000000209e+00
8.200000000000000899e-07 4.426320999999999728e+00
8.250000000000000421e-07 4.414430000000000298e+00
