2.250000000000000163e-07 1.174601000000000006e+00
2.300000000000000214e-07 1.250202999999999953e+00
2.350000000000000264e-07 1.291409999999999947e+00
2.400000000000000315e-07 1.301887000000000016e+00
2.450000000000000366e-07 1.298791999999999947e+00
2.500000000000000416e-07 1.297787999999999942e+00
2.549999999999999938e-07 1.307730000000000059e+00
2.599999999999999988e-07 1.332743000000000011e+00
2.650000000000000039e-07 1.375199000000000060e+00
2.700000000000000090e-07 1.437545000000000073e+00
2.750000000000000140e-07 1.523206999999999978e+00
2.800000000000000191e-07 1.636846000000000023e+00
2.850000000000000242e-07 1.784702000000000011e+00
2.900000000000000292e-07 1.973039999999999905e+00
2.950000000000000343e-07 2.206059999999999910e+00
3.000000000000000394e-07 2.480865000000000098e+00
3.050000000000000444e-07 2.781055999999999973e+00
3.099999999999999966e-07 3.074361999999999817e+00
3.150000000000000016e-07 3.323167000000000204e+00
3.200000000000000067e-07 3.503601999999999883e+00
3.250000000000000118e-07 3.617408000000000179e+00
3.300000000000000168e-07 3.684073000000000153e+00
3.350000000000000219e-07 3.724413999999999891e+00
3.400000000000000270e-07 3.750030000000000197e+00
3.450000000000000320e-07 3.763205000000000133e+00
3.500000000000000371e-07 3.763148000000000160e+00
3.550000000000000422e-07 3.751491999999999827e+00
3.600000000000000472e-07 3.733279000000000014e+00
3.649999999999999994e-07 3.714662999999999826e+00
3.700000000000000044e-07 3.700130999999999837e+00
3.750000000000000095e-07 3.690856000000000137e+00
3.800000000000000146e-07 3.684766000000000208e+00
3.850000000000000196e-07 3.678192999999999824e+00
3.900000000000000247e-07 3.668066000000000049e+00
3.950000000000000298e-07 3.653230999999999895e+00
4.000000000000000348e-07 3.634389000000000092e+00
4.050000000000000399e-07 3.613248000000000015e+00
4.100000000000000450e-07 3.591693999999999942e+00
4.150000000000000500e-07 3.571327000000000140e+00
4.200000000000000022e-07 3.553335999999999828e+00
4.250000000000000072e-07 3.538549000000000166e+00
4.300000000000000123e-07 3.527556999999999832e+00
4.350000000000000174e-07 3.520836000000000077e+00
4.400000000000000224e-07 3.518867999999999885e+00
4.450000000000000275e-07 3.522238999999999898e+00
4.500000000000000326e-07 3.531737000000000126e+00
4.550000000000000376e-07 3.548433999999999866e+00
4.600000000000000427e-07 3.573742999999999892e+00
4.650000000000000478e-07 3.609230999999999856e+00
4.700000000000000528e-07 3.657192999999999916e+00
4.750000000000000050e-07 3.719078000000000106e+00
4.800000000000000630e-07 3.795514999999999972e+00
4.850000000000000151e-07 3.885025999999999868e+00
4.900000000000000731e-07 3.983047000000000004e+00
4.950000000000000252e-07 4.081860999999999962e+00
5.000000000000000833e-07 4.172130000000000116e+00
5.050000000000000354e-07 4.245693000000000161e+00
5.099999999999999875e-07 4.298047999999999647e+00
5.150000000000000455e-07 4.329061000000000270e+00
5.199999999999999976e-07 4.341488000000000014e+00
5.250000000000000557e-07 4.340804999999999580e+00
5.300000000000000078e-07 4.331396999999999942e+00
5.350000000000000658e-07 4.317371999999999765e+00
5.400000000000000179e-07 4.301973000000000269e+00
5.450000000000000759e-07 4.287052000000000085e+00
5.500000000000000281e-07 4.275717000000000212e+00
5.550000000000000861e-07 4.268819999999999837e+00
5.600000000000000382e-07 4.267611999999999739e+00
5.649999999999999903e-07 4.273217999999999961e+00
5.700000000000000483e-07 4.286698999999999593e+00
5.750000000000000004e-07 4.309052000000000326e+00
5.800000000000000585e-07 4.341147999999999563e+00
5.850000000000000106e-07 4.383621999999999908e+00
5.900000000000000686e-07 4.436697999999999809e+00
5.950000000000000207e-07 4.499986999999999959e+00
6.000000000000000787e-07 4.572294000000000302e+00
6.050000000000000309e-07 4.651514999999999844e+00
6.100000000000000889e-07 4.734663000000000288e+00
6.150000000000000410e-07 4.818113999999999564e+00
6.199999999999999931e-07 4.898011000000000337e+00
6.250000000000000511e-07 4.970778000000000141e+00
6.300000000000000033e-07 5.033573999999999771e+00
6.350000000000000613e-07 5.084590999999999639e+00
6.400000000000000134e-07 5.123118999999999978e+00
6.450000000000000714e-07 5.149409000000000347e+00
6.500000000000000235e-07 5.164424999999999599e+00
6.550000000000000815e-07 5.169558000000000320e+00
6.600000000000000337e-07 5.166375999999999635e+00
6.650000000000000917e-07 5.156441000000000052e+00
6.700000000000000438e-07 5.141193999999999598e+00
6.749999999999999959e-07 5.121897999999999840e+00
6.800000000000000539e-07 5.099616000000000149e+00
6.850000000000000061e-07 5.075218999999999703e+00
6.900000000000000641e-07 5.049407000000000423e+00
6.950000000000000162e-07 5.022732999999999670e+00
7.000000000000000742e-07 4.995623000000000147e+00
7.050000000000000263e-07 4.968405999999999878e+00
7.100000000000000843e-07 4.941328999999999638e+00
7.150000000000000365e-07 4.914576000000000278e+00
7.200000000000000945e-07 4.888281000000000098e+00
7.250000000000000466e-07 4.862541000000000224e+00
7.299999999999999987e-07 4.837419999999999831e+00
7.350000000000000567e-07 4.812960000000000349e+00
7.400000000000000089e-07 4.789188000000000223e+00
7.450000000000000669e-07 4.766115000000000101e+00
7.500000000000000190e-07 4.743743000000000265e+00
7.550000000000000770e-07 4.722065999999999875e+00
7.600000000000000291e-07 4.701073000000000057e+00
7.650000000000000871e-07 4.680748999999999604e+00
7.700000000000000393e-07 4.661076999999999693e+00
7.750000000000000973e-07 4.642037000000000191e+00
7.800000000000000494e-07 4.623000000000000220e+00
7.850000000000000015e-07 4.605170000000000208e+00
7.900000000000000595e-07 4.587908999999999793e+00
7.950000000000000117e-07 4.571195000000000341e+00
8.000000000000000697e-07 4.555005999999999666e+00
8.050000000000000218e-07 4.539322000000000301e+00
8.100000000000000798e-07 4.524123999999999590e+00
8.150000000000000319e-07 4.509390999999999927e+00
8.200000000000000899e-07 4.495104999999999684e+00
8.250000000000000421e-07 4.481246999999999758e+00
