2.250000000000000163e-07 1.139170999999999934e+00
2.300000000000000214e-07 1.220239999999999991e+00
2.350000000000000264e-07 1.269881000000000038e+00
2.400000000000000315e-07 1.286126000000000102e+00
2.450000000000000366e-07 1.283701999999999899e+00
2.500000000000000416e-07 1.279252000000000056e+00
2.549999999999999938e-07 1.283177999999999930e+00
2.599999999999999988e-07 1.300396000000000107e+00
2.650000000000000039e-07 1.333315999999999946e+00
2.700000000000000090e-07 1.383939000000000030e+00
2.750000000000000140e-07 1.454936999999999925e+00
2.800000000000000191e-07 1.550044999999999895e+00
2.850000000000000242e-07 1.674625000000000030e+00
2.900000000000000292e-07 1.834637999999999991e+00
2.950000000000000343e-07 2.035670000000000091e+00
3.000000000000000394e-07 2.279561000000000170e+00
3.050000000000000444e-07 2.558955000000000091e+00
3.099999999999999966e-07 2.852132000000000112e+00
3.150000000000000016e-07 3.125075999999999965e+00
3.200000000000000067e-07 3.345601999999999965e+00
3.250000000000000118e-07 3.500952999999999982e+00
3.300000000000000168e-07 3.599798999999999971e+00
3.350000000000000219e-07 3.660131999999999941e+00
3.400000000000000270e-07 3.695787999999999851e+00
3.450000000000000320e-07 3.712626999999999899e+00
3.500000000000000371e-07 3.712779999999999969e+00
3.550000000000000422e-07 3.699692999999999898e+00
3.600000000000000472e-07 3.679337999999999997e+00
3.649999999999999994e-07 3.658297999999999828e+00
3.700000000000000044e-07 3.641253999999999991e+00
3.750000000000000095e-07 3.629494000000000220e+00
3.800000000000000146e-07 3.621042000000000094e+00
3.850000000000000196e-07 3.612305000000000099e+00
3.900000000000000247e-07 3.600255000000000205e+00
3.950000000000000298e-07 3.583731000000000222e+00
4.000000000000000348e-07 3.563396000000000008e+00
4.050000000000000399e-07 3.540899000000000019e+00
4.100000000000000450e-07 3.518057999999999907e+00
4.150000000000000500e-07 3.496402999999999928e+00
4.200000000000000022e-07 3.477043999999999802e+00
4.250000000000000072e-07 3.460719000000000101e+00
4.300000000000000123e-07 3.447903999999999858e+00
4.350000000000000174e-07 3.438921999999999812e+00
4.400000000000000224e-07 3.434048999999999907e+00
4.450000000000000275e-07 3.433590999999999838e+00
4.500000000000000326e-07 3.437964000000000020e+00
4.550000000000000376e-07 3.447757999999999878e+00
4.600000000000000427e-07 3.463805999999999941e+00
4.650000000000000478e-07 3.487226999999999855e+00
4.700000000000000528e-07 3.519435999999999787e+00
4.750000000000000050e-07 3.561923999999999868e+00
4.800000000000000630e-07 3.616585999999999856e+00
4.850000000000000151e-07 3.684245999999999910e+00
4.900000000000000731e-07 3.764517999999999809e+00
4.950000000000000252e-07 3.854712000000000138e+00
5.000000000000000833e-07 3.949317999999999884e+00
5.050000000000000354e-07 4.040578000000000003e+00
5.099999999999999875e-07 4.120366999999999891e+00
5.150000000000000455e-07 4.182599999999999874e+00
5.199999999999999976e-07 4.224802000000000390e+00
5.250000000000000557e-07 4.248064000000000284e+00
5.300000000000000078e-07 4.255802000000000085e+00
5.350000000000000658e-07 4.251877000000000351e+00
5.400000000000000179e-07 4.241239000000000203e+00
5.450000000000000759e-07 4.226925999999999739e+00
5.500000000000000281e-07 4.211013000000000339e+00
5.550000000000000861e-07 4.196765000000000079e+00
5.600000000000000382e-07 4.185082000000000413e+00
5.649999999999999903e-07 4.177159999999999762e+00
5.700000000000000483e-07 4.173996999999999957e+00
5.750000000000000004e-07 4.176484999999999559e+00
5.800000000000000585e-07 4.185472999999999999e+00
5.850000000000000106e-07 4.201787000000000383e+00
5.900000000000000686e-07 4.226214999999999833e+00
5.950000000000000207e-07 4.259451999999999572e+00
6.000000000000000787e-07 4.302005000000000301e+00
6.050000000000000309e-07 4.354057000000000066e+00
6.100000000000000889e-07 4.415315999999999796e+00
6.150000000000000410e-07 4.484860000000000291e+00
6.199999999999999931e-07 4.561048000000000435e+00
6.250000000000000511e-07 4.641509000000000107e+00
6.300000000000000033e-07 4.723290000000000433e+00
6.350000000000000613e-07 4.803124000000000393e+00
6.400000000000000134e-07 4.877809000000000061e+00
6.450000000000000714e-07 4.944579000000000057e+00
6.500000000000000235e-07 5.001408999999999772e+00
6.550000000000000815e-07 5.047150000000000247e+00
6.600000000000000337e-07 5.081516999999999840e+00
6.650000000000000917e-07 5.104942999999999564e+00
6.700000000000000438e-07 5.118370999999999782e+00
6.749999999999999959e-07 5.123040999999999734e+00
6.800000000000000539e-07 5.120305000000000106e+00
6.850000000000000061e-07 5.111498000000000097e+00
6.900000000000000641e-07 5.097851000000000354e+00
6.950000000000000162e-07 5.080451000000000050e+00
7.000000000000000742e-07 5.060223999999999833e+00
7.050000000000000263e-07 5.037937000000000332e+00
7.100000000000000843e-07 5.014217000000000368e+00
7.150000000000000365e-07 4.989568000000000225e+00
7.200000000000000945e-07 4.964386000000000188e+00
7.250000000000000466e-07 4.938979999999999926e+00
7.299999999999999987e-07 4.913588999999999984e+00
7.350000000000000567e-07 4.888397000000000325e+00
7.400000000000000089e-07 4.863540000000000418e+00
7.450000000000000669e-07 4.839116999999999891e+00
7.500000000000000190e-07 4.815202000000000204e+00
7.550000000000000770e-07 4.791845000000000354e+00
7.600000000000000291e-07 4.769078000000000372e+00
7.650000000000000871e-07 4.746921000000000390e+00
7.700000000000000393e-07 4.725382999999999889e+00
7.750000000000000973e-07 4.704466000000000037e+00
7.800000000000000494e-07 4.684166000000000274e+00
7.850000000000000015e-07 4.664474000000000231e+00
7.900000000000000595e-07 4.645375999999999728e+00
7.950000000000000117e-07 4.626859999999999751e+00
8.000000000000000697e-07 4.608908999999999700e+00
8.050000000000000218e-07 4.591505999999999865e+00
8.100000000000000798e-07 4.574018999999999835e+00
8.150000000000000319e-07 4.557667000000000357e+00
8.200000000000000899e-07 4.541809999999999903e+00
8.250000000000000421e-07 4.526428000000000118e+00
