2.250000000000000163e-07 1.114873000000000003e+00
2.300000000000000214e-07 1.200166000000000066e+00
2.350000000000000264e-07 1.258545000000000025e+00
2.400000000000000315e-07 1.282696000000000058e+00
2.450000000000000366e-07 1.283786000000000094e+00
2.500000000000000416e-07 1.278717000000000104e+00
2.549999999999999938e-07 1.279458999999999902e+00
2.599999999999999988e-07 1.292030000000000012e+00
2.650000000000000039e-07 1.319234000000000018e+00
2.700000000000000090e-07 1.363004000000000104e+00
2.750000000000000140e-07 1.425672000000000050e+00
2.800000000000000191e-07 1.510588999999999960e+00
2.850000000000000242e-07 1.622238000000000069e+00
2.900000000000000292e-07 1.766494000000000009e+00
2.950000000000000343e-07 1.948954000000000075e+00
3.000000000000000394e-07 2.172870000000000079e+00
3.050000000000000444e-07 2.434393000000000029e+00
3.099999999999999966e-07 2.717131999999999881e+00
3.150000000000000016e-07 2.991365000000000052e+00
3.200000000000000067e-07 3.224311000000000149e+00
3.250000000000000118e-07 3.397075000000000067e+00
3.300000000000000168e-07 3.511867000000000072e+00
3.350000000000000219e-07 3.583752000000000049e+00
3.400000000000000270e-07 3.626345000000000152e+00
3.450000000000000320e-07 3.646837999999999802e+00
3.500000000000000371e-07 3.648769999999999847e+00
3.550000000000000422e-07 3.636541999999999941e+00
3.600000000000000472e-07 3.616624999999999979e+00
3.649999999999999994e-07 3.595803999999999778e+00
3.700000000000000044e-07 3.578831000000000095e+00
3.750000000000000095e-07 3.567041999999999824e+00
3.800000000000000146e-07 3.558524999999999938e+00
3.850000000000000196e-07 3.549773000000000067e+00
3.900000000000000247e-07 3.537827000000000055e+00
3.950000000000000298e-07 3.521561000000000163e+00
4.000000000000000348e-07 3.501632999999999996e+00
4.050000000000000399e-07 3.479661000000000115e+00
4.100000000000000450e-07 3.457419999999999938e+00
4.150000000000000500e-07 3.436393999999999949e+00
4.200000000000000022e-07 3.417651000000000217e+00
4.250000000000000072e-07 3.401883000000000212e+00
4.300000000000000123e-07 3.389517000000000113e+00
4.350000000000000174e-07 3.380819999999999936e+00
4.400000000000000224e-07 3.375993999999999939e+00
4.450000000000000275e-07 3.375249999999999861e+00
4.500000000000000326e-07 3.378874999999999851e+00
4.550000000000000376e-07 3.387293000000000109e+00
4.600000000000000427e-07 3.401120999999999839e+00
4.650000000000000478e-07 3.421215999999999813e+00
4.700000000000000528e-07 3.448712000000000000e+00
4.750000000000000050e-07 3.484987999999999975e+00
4.800000000000000630e-07 3.531439000000000217e+00
4.850000000000000151e-07 3.589627000000000123e+00
4.900000000000000731e-07 3.659920000000000062e+00
4.950000000000000252e-07 3.741258999999999890e+00
5.000000000000000833e-07 3.830233999999999916e+00
5.050000000000000354e-07 3.920903000000000027e+00
5.099999999999999875e-07 4.005720000000000169e+00
5.150000000000000455e-07 4.077513999999999861e+00
5.199999999999999976e-07 4.131573000000000384e+00
5.250000000000000557e-07 4.166646000000000072e+00
5.300000000000000078e-07 4.184510999999999648e+00
5.350000000000000658e-07 4.188710999999999629e+00
5.400000000000000179e-07 4.182853999999999850e+00
5.450000000000000759e-07 4.171507000000000076e+00
5.500000000000000281e-07 4.156698999999999700e+00
5.550000000000000861e-07 4.142012000000000249e+00
5.600000000000000382e-07 4.128586000000000311e+00
5.649999999999999903e-07 4.117752000000000301e+00
5.700000000000000483e-07 4.110553000000000345e+00
5.750000000000000004e-07 4.107861999999999902e+00
5.800000000000000585e-07 4.110463000000000200e+00
5.850000000000000106e-07 4.119106999999999630e+00
5.900000000000000686e-07 4.134536999999999907e+00
5.950000000000000207e-07 4.157473000000000418e+00
6.000000000000000787e-07 4.188582000000000249e+00
6.050000000000000309e-07 4.228396000000000043e+00
6.100000000000000889e-07 4.277205999999999619e+00
6.150000000000000410e-07 4.334934999999999761e+00
6.199999999999999931e-07 4.400993999999999851e+00
6.250000000000000511e-07 4.474172000000000260e+00
6.300000000000000033e-07 4.552590000000000359e+00
6.350000000000000613e-07 4.633759000000000405e+00
6.400000000000000134e-07 4.714756999999999643e+00
6.450000000000000714e-07 4.792524000000000228e+00
6.500000000000000235e-07 4.864201000000000441e+00
6.550000000000000815e-07 4.927443000000000239e+00
6.600000000000000337e-07 4.980639000000000038e+00
6.650000000000000917e-07 5.022992000000000345e+00
6.700000000000000438e-07 5.054452999999999641e+00
6.749999999999999959e-07 5.075579000000000285e+00
6.800000000000000539e-07 5.087341999999999587e+00
6.850000000000000061e-07 5.090938999999999659e+00
6.900000000000000641e-07 5.087641999999999776e+00
6.950000000000000162e-07 5.078688999999999787e+00
7.000000000000000742e-07 5.065215000000000245e+00
7.050000000000000263e-07 5.048221999999999987e+00
7.100000000000000843e-07 5.028560999999999837e+00
7.150000000000000365e-07 5.006942999999999699e+00
7.200000000000000945e-07 4.983952000000000382e+00
7.250000000000000466e-07 4.960055999999999798e+00
7.299999999999999987e-07 4.935627000000000209e+00
7.350000000000000567e-07 4.910960000000000214e+00
7.400000000000000089e-07 4.886281000000000319e+00
7.450000000000000669e-07 4.861767999999999645e+00
7.500000000000000190e-07 4.837550000000000239e+00
7.550000000000000770e-07 4.813729000000000369e+00
7.600000000000000291e-07 4.790375000000000050e+00
7.650000000000000871e-07 4.767540000000000333e+00
7.700000000000000393e-07 4.745256999999999614e+00
7.750000000000000973e-07 4.723549000000000220e+00
7.800000000000000494e-07 4.702425999999999995e+00
7.850000000000000015e-07 4.681892999999999638e+00
7.900000000000000595e-07 4.661946000000000367e+00
7.950000000000000117e-07 4.642579999999999707e+00
8.000000000000000697e-07 4.623783999999999672e+00
8.050000000000000218e-07 4.605545000000000222e+00
8.100000000000000798e-07 4.587850000000000428e+00
8.150000000000000319e-07 4.570683999999999969e+00
8.200000000000000899e-07 4.554028999999999883e+00
8.250000000000000421e-07 4.537251000000000367e+00
