2.250000000000000163e-07 1.102406999999999915e+00
2.300000000000000214e-07 1.190417999999999976e+00
2.350000000000000264e-07 1.257088999999999901e+00
2.400000000000000315e-07 1.290586000000000011e+00
2.450000000000000366e-07 1.297655000000000003e+00
2.500000000000000416e-07 1.294529000000000041e+00
2.549999999999999938e-07 1.294559000000000015e+00
2.599999999999999988e-07 1.305066999999999977e+00
2.650000000000000039e-07 1.329542999999999919e+00
2.700000000000000090e-07 1.370149000000000061e+00
2.750000000000000140e-07 1.429210000000000091e+00
2.800000000000000191e-07 1.509830000000000005e+00
2.850000000000000242e-07 1.616654000000000035e+00
2.900000000000000292e-07 1.754990999999999968e+00
2.950000000000000343e-07 1.930330000000000101e+00
3.000000000000000394e-07 2.145772000000000013e+00
3.050000000000000444e-07 2.397521999999999931e+00
3.099999999999999966e-07 2.669648000000000021e+00
3.150000000000000016e-07 2.933424000000000031e+00
3.200000000000000067e-07 3.157382999999999829e+00
3.250000000000000118e-07 3.323668000000000067e+00
3.300000000000000168e-07 3.434892000000000056e+00
3.350000000000000219e-07 3.505183000000000160e+00
3.400000000000000270e-07 3.547915000000000152e+00
3.450000000000000320e-07 3.569561000000000206e+00
3.500000000000000371e-07 3.573319000000000134e+00
3.550000000000000422e-07 3.563371000000000066e+00
3.600000000000000472e-07 3.545997999999999983e+00
3.649999999999999994e-07 3.527801999999999882e+00
3.700000000000000044e-07 3.513382000000000005e+00
3.750000000000000095e-07 3.503989999999999938e+00
3.800000000000000146e-07 3.497719000000000023e+00
3.850000000000000196e-07 3.491130000000000067e+00
3.900000000000000247e-07 3.481354000000000060e+00
3.950000000000000298e-07 3.467331000000000163e+00
4.000000000000000348e-07 3.449739999999999807e+00
4.050000000000000399e-07 3.430190000000000072e+00
4.100000000000000450e-07 3.410426000000000180e+00
4.150000000000000500e-07 3.391903999999999808e+00
4.200000000000000022e-07 3.375662000000000162e+00
4.250000000000000072e-07 3.362370999999999999e+00
4.300000000000000123e-07 3.352444999999999897e+00
4.350000000000000174e-07 3.346140999999999810e+00
4.400000000000000224e-07 3.343655000000000044e+00
4.450000000000000275e-07 3.345200999999999869e+00
4.500000000000000326e-07 3.351065999999999878e+00
4.550000000000000376e-07 3.361679999999999779e+00
4.600000000000000427e-07 3.377666000000000057e+00
4.650000000000000478e-07 3.399887000000000103e+00
4.700000000000000528e-07 3.429470999999999936e+00
4.750000000000000050e-07 3.467770999999999937e+00
4.800000000000000630e-07 3.516208999999999918e+00
4.850000000000000151e-07 3.575896000000000186e+00
4.900000000000000731e-07 3.647187999999999874e+00
4.950000000000000252e-07 3.728518000000000221e+00
5.000000000000000833e-07 3.816003999999999952e+00
5.050000000000000354e-07 3.903389000000000220e+00
5.099999999999999875e-07 3.983213999999999810e+00
5.150000000000000455e-07 4.048910000000000231e+00
5.199999999999999976e-07 4.096681000000000239e+00
5.250000000000000557e-07 4.126151000000000124e+00
5.300000000000000078e-07 4.139657999999999838e+00
5.350000000000000658e-07 4.140509999999999913e+00
5.400000000000000179e-07 4.133496000000000059e+00
5.450000000000000759e-07 4.121122999999999870e+00
5.500000000000000281e-07 4.107409999999999783e+00
5.550000000000000861e-07 4.093892999999999560e+00
5.600000000000000382e-07 4.082175999999999583e+00
5.649999999999999903e-07 4.073481000000000130e+00
5.700000000000000483e-07 4.068782999999999817e+00
5.750000000000000004e-07 4.068920999999999566e+00
5.800000000000000585e-07 4.074667999999999957e+00
5.850000000000000106e-07 4.086776999999999660e+00
5.900000000000000686e-07 4.105991000000000390e+00
5.950000000000000207e-07 4.133026000000000089e+00
6.000000000000000787e-07 4.168516999999999584e+00
6.050000000000000309e-07 4.212932000000000343e+00
6.100000000000000889e-07 4.266447000000000322e+00
6.150000000000000410e-07 4.328809999999999825e+00
6.199999999999999931e-07 4.399201999999999835e+00
6.250000000000000511e-07 4.476142000000000287e+00
6.300000000000000033e-07 4.557470000000000354e+00
6.350000000000000613e-07 4.640456000000000358e+00
6.400000000000000134e-07 4.722025000000000361e+00
6.450000000000000714e-07 4.799093000000000053e+00
6.500000000000000235e-07 4.868905999999999956e+00
6.550000000000000815e-07 4.929348000000000063e+00
6.600000000000000337e-07 4.979100999999999999e+00
6.650000000000000917e-07 5.017673000000000272e+00
6.700000000000000438e-07 5.045293000000000028e+00
6.749999999999999959e-07 5.062733999999999845e+00
6.800000000000000539e-07 5.071111000000000146e+00
6.850000000000000061e-07 5.071702000000000155e+00
6.900000000000000641e-07 5.065812000000000204e+00
6.950000000000000162e-07 5.054669999999999774e+00
7.000000000000000742e-07 5.039382999999999946e+00
7.050000000000000263e-07 5.020912000000000042e+00
7.100000000000000843e-07 5.000065000000000204e+00
7.150000000000000365e-07 4.977509000000000405e+00
7.200000000000000945e-07 4.953784999999999883e+00
7.250000000000000466e-07 4.929326999999999792e+00
7.299999999999999987e-07 4.904476999999999975e+00
7.350000000000000567e-07 4.879501000000000310e+00
7.400000000000000089e-07 4.854607999999999812e+00
7.450000000000000669e-07 4.829951000000000327e+00
7.500000000000000190e-07 4.805651000000000117e+00
7.550000000000000770e-07 4.781793000000000404e+00
7.600000000000000291e-07 4.758440000000000225e+00
7.650000000000000871e-07 4.735636000000000401e+00
7.700000000000000393e-07 4.713405999999999985e+00
7.750000000000000973e-07 4.691768999999999856e+00
7.800000000000000494e-07 4.670729999999999826e+00
7.850000000000000015e-07 4.650291000000000174e+00
7.900000000000000595e-07 4.630446000000000062e+00
7.950000000000000117e-07 4.611187000000000147e+00
8.000000000000000697e-07 4.592501000000000388e+00
8.050000000000000218e-07 4.574375999999999998e+00
8.100000000000000798e-07 4.556795000000000151e+00
8.150000000000000319e-07 4.539742000000000388e+00
8.200000000000000899e-07 4.523202000000000389e+00
8.250000000000000421e-07 4.506535000000000402e+00
