2.250000000000000163e-07 2.628404999999999880e+00
2.300000000000000214e-07 2.637013000000000051e+00
2.350000000000000264e-07 2.644261000000000195e+00
2.400000000000000315e-07 2.673115000000000130e+00
2.450000000000000366e-07 2.731857000000000202e+00
2.500000000000000416e-07 2.817356999999999889e+00
2.549999999999999938e-07 2.923509999999999831e+00
2.599999999999999988e-07 3.045331000000000010e+00
2.650000000000000039e-07 3.179425999999999863e+00
2.700000000000000090e-07 3.323138999999999843e+00
2.750000000000000140e-07 3.473609999999999864e+00
2.800000000000000191e-07 3.625157999999999880e+00
2.850000000000000242e-07 3.769055999999999962e+00
2.900000000000000292e-07 3.890350000000000197e+00
2.950000000000000343e-07 3.967306999999999917e+00
3.000000000000000394e-07 3.975404000000000160e+00
3.050000000000000444e-07 3.898156000000000176e+00
3.099999999999999966e-07 3.743243000000000098e+00
3.150000000000000016e-07 3.544067000000000078e+00
3.200000000000000067e-07 3.342280999999999835e+00
3.250000000000000118e-07 3.166209999999999969e+00
3.300000000000000168e-07 3.023158000000000012e+00
3.350000000000000219e-07 2.905349000000000181e+00
3.400000000000000270e-07 2.800902999999999921e+00
3.450000000000000320e-07 2.702735999999999805e+00
3.500000000000000371e-07 2.611161000000000065e+00
3.550000000000000422e-07 2.530479000000000145e+00
3.600000000000000472e-07 2.464018999999999959e+00
3.649999999999999994e-07 2.411474000000000117e+00
3.700000000000000044e-07 2.369118999999999975e+00
3.750000000000000095e-07 2.331806999999999963e+00
3.800000000000000146e-07 2.295444999999999958e+00
3.850000000000000196e-07 2.258690000000000087e+00
3.900000000000000247e-07 2.222942999999999891e+00
3.950000000000000298e-07 2.190952999999999928e+00
4.000000000000000348e-07 2.165252999999999872e+00
4.050000000000000399e-07 2.147361000000000075e+00
4.100000000000000450e-07 2.137757999999999825e+00
4.150000000000000500e-07 2.136235000000000106e+00
4.200000000000000022e-07 2.142260999999999971e+00
4.250000000000000072e-07 2.155237000000000069e+00
4.300000000000000123e-07 2.174627000000000088e+00
4.350000000000000174e-07 2.199984999999999857e+00
4.400000000000000224e-07 2.230904000000000220e+00
4.450000000000000275e-07 2.266887000000000096e+00
4.500000000000000326e-07 2.307786000000000115e+00
4.550000000000000376e-07 2.350868000000000180e+00
4.600000000000000427e-07 2.394143999999999828e+00
4.650000000000000478e-07 2.433441999999999883e+00
4.700000000000000528e-07 2.462816000000000116e+00
4.750000000000000050e-07 2.475147000000000208e+00
4.800000000000000630e-07 2.463991000000000042e+00
4.850000000000000151e-07 2.426349999999999785e+00
4.900000000000000731e-07 2.364822999999999897e+00
4.950000000000000252e-07 2.287285999999999930e+00
5.000000000000000833e-07 2.204018000000000033e+00
5.050000000000000354e-07 2.124789999999999957e+00
5.099999999999999875e-07 2.054975999999999914e+00
5.150000000000000455e-07 1.998216999999999910e+00
5.199999999999999976e-07 1.955351000000000061e+00
5.250000000000000557e-07 1.925831999999999988e+00
5.300000000000000078e-07 1.908444000000000029e+00
5.350000000000000658e-07 1.901545000000000041e+00
5.400000000000000179e-07 1.903928999999999983e+00
5.450000000000000759e-07 1.913750000000000062e+00
5.500000000000000281e-07 1.929211000000000009e+00
5.550000000000000861e-07 1.948245000000000005e+00
5.600000000000000382e-07 1.968382999999999994e+00
5.649999999999999903e-07 1.986680999999999919e+00
5.700000000000000483e-07 1.999748000000000081e+00
5.750000000000000004e-07 2.003937000000000079e+00
5.800000000000000585e-07 1.995735000000000037e+00
5.850000000000000106e-07 1.972302000000000000e+00
5.900000000000000686e-07 1.932052000000000103e+00
5.950000000000000207e-07 1.875051999999999941e+00
6.000000000000000787e-07 1.803088000000000024e+00
6.050000000000000309e-07 1.719325999999999910e+00
6.100000000000000889e-07 1.627701999999999982e+00
6.150000000000000410e-07 1.532235000000000014e+00
6.199999999999999931e-07 1.436485999999999930e+00
6.250000000000000511e-07 1.343253000000000030e+00
6.300000000000000033e-07 1.254488999999999965e+00
6.350000000000000613e-07 1.171381999999999923e+00
6.400000000000000134e-07 1.094505000000000061e+00
6.450000000000000714e-07 1.023987999999999898e+00
6.500000000000000235e-07 9.596630000000000438e-01
6.550000000000000815e-07 9.011839999999999851e-01
6.600000000000000337e-07 8.481130000000000058e-01
6.650000000000000917e-07 7.999720000000000164e-01
6.700000000000000438e-07 7.562860000000000138e-01
6.749999999999999959e-07 7.166000000000000147e-01
6.800000000000000539e-07 6.804930000000000145e-01
6.850000000000000061e-07 6.475809999999999622e-01
6.900000000000000641e-07 6.175190000000000401e-01
6.950000000000000162e-07 5.899999999999999689e-01
7.000000000000000742e-07 5.647499999999999742e-01
7.050000000000000263e-07 5.415290000000000381e-01
7.100000000000000843e-07 5.201249999999999485e-01
7.150000000000000365e-07 5.003499999999999615e-01
7.200000000000000945e-07 4.820389999999999953e-01
7.250000000000000466e-07 4.650480000000000169e-01
7.299999999999999987e-07 4.492470000000000074e-01
7.350000000000000567e-07 4.345220000000000193e-01
7.400000000000000089e-07 4.205679999999999974e-01
7.450000000000000669e-07 4.077160000000000228e-01
7.500000000000000190e-07 3.956709999999999949e-01
7.550000000000000770e-07 3.843619999999999814e-01
7.600000000000000291e-07 3.737269999999999759e-01
7.650000000000000871e-07 3.637099999999999778e-01
7.700000000000000393e-07 3.542580000000000173e-01
7.750000000000000973e-07 3.453289999999999971e-01
7.800000000000000494e-07 3.368789999999999840e-01
7.850000000000000015e-07 3.288730000000000264e-01
7.900000000000000595e-07 3.212769999999999793e-01
7.950000000000000117e-07 3.140600000000000058e-01
8.000000000000000697e-07 3.071969999999999978e-01
8.050000000000000218e-07 3.006610000000000116e-01
8.100000000000000798e-07 2.944300000000000250e-01
8.150000000000000319e-07 2.884840000000000182e-01
8.200000000000000899e-07 2.828030000000000266e-01
8.250000000000000421e-07 2.773709999999999787e-01
