2.250000000000000163e-07 2.553697000000000106e+00
2.300000000000000214e-07 2.563111000000000139e+00
2.350000000000000264e-07 2.563863000000000003e+00
2.400000000000000315e-07 2.580610000000000070e+00
2.450000000000000366e-07 2.625722000000000111e+00
2.500000000000000416e-07 2.698320999999999970e+00
2.549999999999999938e-07 2.792602000000000029e+00
2.599999999999999988e-07 2.903214000000000183e+00
2.650000000000000039e-07 3.026529000000000025e+00
2.700000000000000090e-07 3.160134999999999916e+00
2.750000000000000140e-07 3.301884999999999959e+00
2.800000000000000191e-07 3.449052000000000007e+00
2.850000000000000242e-07 3.595826999999999884e+00
2.900000000000000292e-07 3.733251000000000097e+00
2.950000000000000343e-07 3.846302999999999805e+00
3.000000000000000394e-07 3.913927000000000156e+00
3.050000000000000444e-07 3.913521999999999945e+00
3.099999999999999966e-07 3.832666000000000128e+00
3.150000000000000016e-07 3.681017000000000206e+00
3.200000000000000067e-07 3.490839999999999943e+00
3.250000000000000118e-07 3.298356000000000066e+00
3.300000000000000168e-07 3.125566000000000066e+00
3.350000000000000219e-07 2.976328000000000085e+00
3.400000000000000270e-07 2.844641000000000197e+00
3.450000000000000320e-07 2.725009000000000015e+00
3.500000000000000371e-07 2.617173999999999889e+00
3.550000000000000422e-07 2.524224999999999941e+00
3.600000000000000472e-07 2.448379000000000083e+00
3.649999999999999994e-07 2.388514999999999944e+00
3.700000000000000044e-07 2.340370000000000061e+00
3.750000000000000095e-07 2.298417000000000154e+00
3.800000000000000146e-07 2.258264000000000049e+00
3.850000000000000196e-07 2.218300999999999856e+00
3.900000000000000247e-07 2.179685000000000095e+00
3.950000000000000298e-07 2.144954999999999945e+00
4.000000000000000348e-07 2.116471000000000213e+00
4.050000000000000399e-07 2.095609000000000055e+00
4.100000000000000450e-07 2.082727000000000217e+00
4.150000000000000500e-07 2.077497999999999845e+00
4.200000000000000022e-07 2.079272000000000009e+00
4.250000000000000072e-07 2.087331999999999965e+00
4.300000000000000123e-07 2.101033000000000150e+00
4.350000000000000174e-07 2.119858999999999938e+00
4.400000000000000224e-07 2.143425000000000136e+00
4.450000000000000275e-07 2.171438999999999897e+00
4.500000000000000326e-07 2.203635999999999928e+00
4.550000000000000376e-07 2.239653000000000116e+00
4.600000000000000427e-07 2.278852000000000100e+00
4.650000000000000478e-07 2.320762000000000214e+00
4.700000000000000528e-07 2.361959000000000142e+00
4.750000000000000050e-07 2.399776999999999827e+00
4.800000000000000630e-07 2.429466999999999821e+00
4.850000000000000151e-07 2.445183999999999802e+00
4.900000000000000731e-07 2.441196999999999839e+00
4.950000000000000252e-07 2.413926000000000016e+00
5.000000000000000833e-07 2.363913999999999849e+00
5.050000000000000354e-07 2.296336999999999851e+00
5.099999999999999875e-07 2.219419999999999948e+00
5.150000000000000455e-07 2.141738999999999837e+00
5.199999999999999976e-07 2.070535000000000014e+00
5.250000000000000557e-07 2.009011999999999798e+00
5.300000000000000078e-07 1.959433999999999898e+00
5.350000000000000658e-07 1.922015000000000029e+00
5.400000000000000179e-07 1.896074999999999955e+00
5.450000000000000759e-07 1.880338999999999983e+00
5.500000000000000281e-07 1.874025000000000052e+00
5.550000000000000861e-07 1.875691999999999915e+00
5.600000000000000382e-07 1.884155999999999942e+00
5.649999999999999903e-07 1.898209999999999953e+00
5.700000000000000483e-07 1.916555000000000009e+00
5.750000000000000004e-07 1.937702999999999953e+00
5.800000000000000585e-07 1.959888000000000075e+00
5.850000000000000106e-07 1.981004999999999905e+00
5.900000000000000686e-07 1.998593999999999982e+00
5.950000000000000207e-07 2.009920000000000151e+00
6.000000000000000787e-07 2.012166000000000121e+00
6.050000000000000309e-07 2.002736000000000072e+00
6.100000000000000889e-07 1.979640000000000066e+00
6.150000000000000410e-07 1.941859999999999919e+00
6.199999999999999931e-07 1.889599000000000029e+00
6.250000000000000511e-07 1.824294000000000082e+00
6.300000000000000033e-07 1.748399000000000036e+00
6.350000000000000613e-07 1.664976000000000012e+00
6.400000000000000134e-07 1.577240999999999893e+00
6.450000000000000714e-07 1.488167999999999935e+00
6.500000000000000235e-07 1.400233000000000061e+00
6.550000000000000815e-07 1.315301999999999971e+00
6.600000000000000337e-07 1.234644999999999992e+00
6.650000000000000917e-07 1.159014999999999906e+00
6.700000000000000438e-07 1.088754999999999917e+00
6.749999999999999959e-07 1.023919999999999941e+00
6.800000000000000539e-07 9.643570000000000197e-01
6.850000000000000061e-07 9.097920000000000451e-01
6.900000000000000641e-07 8.598839999999999817e-01
6.950000000000000162e-07 8.142610000000000126e-01
7.000000000000000742e-07 7.725459999999999550e-01
7.050000000000000263e-07 7.343769999999999465e-01
7.100000000000000843e-07 6.994120000000000337e-01
7.150000000000000365e-07 6.673360000000000403e-01
7.200000000000000945e-07 6.378610000000000113e-01
7.250000000000000466e-07 6.107270000000000199e-01
7.299999999999999987e-07 5.857029999999999736e-01
7.350000000000000567e-07 5.625780000000000225e-01
7.400000000000000089e-07 5.411669999999999536e-01
7.450000000000000669e-07 5.213060000000000471e-01
7.500000000000000190e-07 5.028449999999999864e-01
7.550000000000000770e-07 4.856539999999999746e-01
7.600000000000000291e-07 4.696159999999999779e-01
7.650000000000000871e-07 4.546259999999999746e-01
7.700000000000000393e-07 4.405919999999999837e-01
7.750000000000000973e-07 4.274290000000000034e-01
7.800000000000000494e-07 4.148549999999999738e-01
7.850000000000000015e-07 4.032290000000000041e-01
7.900000000000000595e-07 3.922740000000000116e-01
7.950000000000000117e-07 3.819350000000000245e-01
8.000000000000000697e-07 3.721639999999999948e-01
8.050000000000000218e-07 3.629169999999999896e-01
8.100000000000000798e-07 3.541549999999999976e-01
8.150000000000000319e-07 3.458419999999999828e-01
8.200000000000000899e-07 3.379440000000000222e-01
8.250000000000000421e-07 3.304320000000000035e-01
