2.250000000000000163e-07 2.496049000000000184e+00
2.300000000000000214e-07 2.509320999999999913e+00
2.350000000000000264e-07 2.507511000000000045e+00
2.400000000000000315e-07 2.515338999999999992e+00
2.450000000000000366e-07 2.549021999999999899e+00
2.500000000000000416e-07 2.610552000000000206e+00
2.549999999999999938e-07 2.694875999999999827e+00
2.599999999999999988e-07 2.796386000000000038e+00
2.650000000000000039e-07 2.911077000000000137e+00
2.700000000000000090e-07 3.036397000000000013e+00
2.750000000000000140e-07 3.170459000000000138e+00
2.800000000000000191e-07 3.311373000000000122e+00
2.850000000000000242e-07 3.454982000000000220e+00
2.900000000000000292e-07 3.595171999999999812e+00
2.950000000000000343e-07 3.720985000000000209e+00
3.000000000000000394e-07 3.815631999999999913e+00
3.050000000000000444e-07 3.857743000000000144e+00
3.099999999999999966e-07 3.828301999999999872e+00
3.150000000000000016e-07 3.722982000000000014e+00
3.200000000000000067e-07 3.560338999999999920e+00
3.250000000000000118e-07 3.372961000000000098e+00
3.300000000000000168e-07 3.189718000000000053e+00
3.350000000000000219e-07 3.023585000000000189e+00
3.400000000000000270e-07 2.874921000000000060e+00
3.450000000000000320e-07 2.741041000000000061e+00
3.500000000000000371e-07 2.622180000000000177e+00
3.550000000000000422e-07 2.520926999999999918e+00
3.600000000000000472e-07 2.438810000000000144e+00
3.649999999999999994e-07 2.374153999999999876e+00
3.700000000000000044e-07 2.322316999999999965e+00
3.750000000000000095e-07 2.277522999999999964e+00
3.800000000000000146e-07 2.235193999999999903e+00
3.850000000000000196e-07 2.193543000000000021e+00
3.900000000000000247e-07 2.153557000000000166e+00
3.950000000000000298e-07 2.117611999999999828e+00
4.000000000000000348e-07 2.087934000000000179e+00
4.050000000000000399e-07 2.065795000000000048e+00
4.100000000000000450e-07 2.051470999999999822e+00
4.150000000000000500e-07 2.044569000000000081e+00
4.200000000000000022e-07 2.044376000000000193e+00
4.250000000000000072e-07 2.050111999999999934e+00
4.300000000000000123e-07 2.061065999999999843e+00
4.350000000000000174e-07 2.076658000000000115e+00
4.400000000000000224e-07 2.096451000000000064e+00
4.450000000000000275e-07 2.120131000000000210e+00
4.500000000000000326e-07 2.147476000000000163e+00
4.550000000000000376e-07 2.178291000000000199e+00
4.600000000000000427e-07 2.212324999999999875e+00
4.650000000000000478e-07 2.249131999999999909e+00
4.700000000000000528e-07 2.287879000000000218e+00
4.750000000000000050e-07 2.327799000000000174e+00
4.800000000000000630e-07 2.365050999999999792e+00
4.850000000000000151e-07 2.396656999999999815e+00
4.900000000000000731e-07 2.417838999999999849e+00
4.950000000000000252e-07 2.423334000000000099e+00
5.000000000000000833e-07 2.408815000000000150e+00
5.050000000000000354e-07 2.372695999999999916e+00
5.099999999999999875e-07 2.317349999999999799e+00
5.150000000000000455e-07 2.248750999999999944e+00
5.199999999999999976e-07 2.174608999999999792e+00
5.250000000000000557e-07 2.102129000000000136e+00
5.300000000000000078e-07 2.036573000000000189e+00
5.350000000000000658e-07 1.981454999999999966e+00
5.400000000000000179e-07 1.936938000000000049e+00
5.450000000000000759e-07 1.903440999999999939e+00
5.500000000000000281e-07 1.880025000000000057e+00
5.550000000000000861e-07 1.866181000000000090e+00
5.600000000000000382e-07 1.860579999999999901e+00
5.649999999999999903e-07 1.862193999999999905e+00
5.700000000000000483e-07 1.870044000000000040e+00
5.750000000000000004e-07 1.883178000000000019e+00
5.800000000000000585e-07 1.900614000000000026e+00
5.850000000000000106e-07 1.921276999999999902e+00
5.900000000000000686e-07 1.943921999999999928e+00
5.950000000000000207e-07 1.967071000000000014e+00
6.000000000000000787e-07 1.988961999999999897e+00
6.050000000000000309e-07 2.007544999999999913e+00
6.100000000000000889e-07 2.020541000000000142e+00
6.150000000000000410e-07 2.025573000000000068e+00
6.199999999999999931e-07 2.020392999999999883e+00
6.250000000000000511e-07 2.003163999999999945e+00
6.300000000000000033e-07 1.972752999999999979e+00
6.350000000000000613e-07 1.928954999999999975e+00
6.400000000000000134e-07 1.872581000000000051e+00
6.450000000000000714e-07 1.805363000000000051e+00
6.500000000000000235e-07 1.729700999999999933e+00
6.550000000000000815e-07 1.648323999999999900e+00
6.600000000000000337e-07 1.563947999999999894e+00
6.650000000000000917e-07 1.479009000000000018e+00
6.700000000000000438e-07 1.395501000000000102e+00
6.749999999999999959e-07 1.314923000000000064e+00
6.800000000000000539e-07 1.238294000000000006e+00
6.850000000000000061e-07 1.166228000000000042e+00
6.900000000000000641e-07 1.099010999999999960e+00
6.950000000000000162e-07 1.036693000000000087e+00
7.000000000000000742e-07 9.791570000000000551e-01
7.050000000000000263e-07 9.261819999999999498e-01
7.100000000000000843e-07 8.774830000000000130e-01
7.150000000000000365e-07 8.327459999999999862e-01
7.200000000000000945e-07 7.916499999999999648e-01
7.250000000000000466e-07 7.538799999999999946e-01
7.299999999999999987e-07 7.191359999999999975e-01
7.350000000000000567e-07 6.871369999999999978e-01
7.400000000000000089e-07 6.576269999999999616e-01
7.450000000000000669e-07 6.303699999999999859e-01
7.500000000000000190e-07 6.051530000000000520e-01
7.550000000000000770e-07 5.817830000000000501e-01
7.600000000000000291e-07 5.600880000000000303e-01
7.650000000000000871e-07 5.399129999999999763e-01
7.700000000000000393e-07 5.211189999999999989e-01
7.750000000000000973e-07 5.035800000000000276e-01
7.800000000000000494e-07 4.871869999999999812e-01
7.850000000000000015e-07 4.718379999999999797e-01
7.900000000000000595e-07 4.574440000000000173e-01
7.950000000000000117e-07 4.439239999999999853e-01
8.000000000000000697e-07 4.312070000000000070e-01
8.050000000000000218e-07 4.192250000000000143e-01
8.100000000000000798e-07 4.077120000000000188e-01
8.150000000000000319e-07 3.970400000000000040e-01
8.200000000000000899e-07 3.869449999999999834e-01
8.250000000000000421e-07 3.773819999999999952e-01
