2.250000000000000163e-07 2.453885999999999790e+00
2.300000000000000214e-07 2.473275999999999808e+00
2.350000000000000264e-07 2.472471999999999781e+00
2.400000000000000315e-07 2.474600000000000133e+00
2.450000000000000366e-07 2.499016000000000126e+00
2.500000000000000416e-07 2.551041999999999810e+00
2.549999999999999938e-07 2.626911000000000218e+00
2.599999999999999988e-07 2.720987000000000045e+00
2.650000000000000039e-07 2.828889999999999905e+00
2.700000000000000090e-07 2.947788000000000075e+00
2.750000000000000140e-07 3.075728999999999935e+00
2.800000000000000191e-07 3.210764000000000173e+00
2.850000000000000242e-07 3.350229999999999819e+00
2.900000000000000292e-07 3.488312000000000079e+00
2.950000000000000343e-07 3.616206000000000031e+00
3.000000000000000394e-07 3.719484000000000012e+00
3.050000000000000444e-07 3.778604000000000074e+00
3.099999999999999966e-07 3.773690000000000211e+00
3.150000000000000016e-07 3.695177999999999852e+00
3.200000000000000067e-07 3.553878000000000092e+00
3.250000000000000118e-07 3.378134000000000192e+00
3.300000000000000168e-07 3.197639000000000120e+00
3.350000000000000219e-07 3.028834999999999944e+00
3.400000000000000270e-07 2.875842000000000009e+00
3.450000000000000320e-07 2.737982999999999834e+00
3.500000000000000371e-07 2.616144999999999943e+00
3.550000000000000422e-07 2.512868000000000102e+00
3.600000000000000472e-07 2.429413999999999962e+00
3.649999999999999994e-07 2.363874000000000031e+00
3.700000000000000044e-07 2.311474000000000029e+00
3.750000000000000095e-07 2.266385999999999790e+00
3.800000000000000146e-07 2.224006999999999845e+00
3.850000000000000196e-07 2.182512000000000008e+00
3.900000000000000247e-07 2.142812999999999857e+00
3.950000000000000298e-07 2.107190999999999814e+00
4.000000000000000348e-07 2.077783999999999853e+00
4.050000000000000399e-07 2.055791999999999842e+00
4.100000000000000450e-07 2.041443000000000119e+00
4.150000000000000500e-07 2.034307999999999783e+00
4.200000000000000022e-07 2.033650000000000180e+00
4.250000000000000072e-07 2.038666000000000089e+00
4.300000000000000123e-07 2.048623999999999779e+00
4.350000000000000174e-07 2.062920000000000087e+00
4.400000000000000224e-07 2.081093000000000082e+00
4.450000000000000275e-07 2.102808000000000010e+00
4.500000000000000326e-07 2.127834000000000003e+00
4.550000000000000376e-07 2.155994999999999884e+00
4.600000000000000427e-07 2.187108999999999970e+00
4.650000000000000478e-07 2.220889000000000113e+00
4.700000000000000528e-07 2.256800000000000139e+00
4.750000000000000050e-07 2.293860000000000010e+00
4.800000000000000630e-07 2.331094999999999917e+00
4.850000000000000151e-07 2.364454999999999973e+00
4.900000000000000731e-07 2.390829000000000093e+00
4.950000000000000252e-07 2.405546000000000184e+00
5.000000000000000833e-07 2.403884000000000132e+00
5.050000000000000354e-07 2.382538999999999962e+00
5.099999999999999875e-07 2.341203999999999841e+00
5.150000000000000455e-07 2.283275999999999861e+00
5.199999999999999976e-07 2.215040999999999816e+00
5.250000000000000557e-07 2.143743999999999872e+00
5.300000000000000078e-07 2.075683999999999862e+00
5.350000000000000658e-07 2.015193000000000012e+00
5.400000000000000179e-07 1.965089000000000086e+00
5.450000000000000759e-07 1.925100999999999951e+00
5.500000000000000281e-07 1.895216000000000012e+00
5.550000000000000861e-07 1.875210999999999961e+00
5.600000000000000382e-07 1.863825000000000065e+00
5.649999999999999903e-07 1.860066999999999915e+00
5.700000000000000483e-07 1.862991999999999981e+00
5.750000000000000004e-07 1.871714000000000100e+00
5.800000000000000585e-07 1.885378999999999916e+00
5.850000000000000106e-07 1.903121000000000063e+00
5.900000000000000686e-07 1.924002999999999908e+00
5.950000000000000207e-07 1.946949999999999958e+00
6.000000000000000787e-07 1.970690000000000053e+00
6.050000000000000309e-07 1.993708000000000036e+00
6.100000000000000889e-07 2.014219000000000204e+00
6.150000000000000410e-07 2.030199000000000087e+00
6.199999999999999931e-07 2.039473999999999787e+00
6.250000000000000511e-07 2.039883999999999808e+00
6.300000000000000033e-07 2.029507999999999868e+00
6.350000000000000613e-07 2.006928999999999963e+00
6.400000000000000134e-07 1.971473999999999949e+00
6.450000000000000714e-07 1.923365999999999909e+00
6.500000000000000235e-07 1.863728999999999969e+00
6.550000000000000815e-07 1.794453000000000076e+00
6.600000000000000337e-07 1.717927999999999900e+00
6.650000000000000917e-07 1.636732999999999993e+00
6.700000000000000438e-07 1.553352000000000066e+00
6.749999999999999959e-07 1.469964999999999966e+00
6.800000000000000539e-07 1.388323999999999891e+00
6.850000000000000061e-07 1.309728999999999921e+00
6.900000000000000641e-07 1.235054000000000096e+00
6.950000000000000162e-07 1.164814999999999934e+00
7.000000000000000742e-07 1.099245999999999945e+00
7.050000000000000263e-07 1.038370000000000015e+00
7.100000000000000843e-07 9.820699999999999985e-01
7.150000000000000365e-07 9.301300000000000123e-01
7.200000000000000945e-07 8.822849999999999859e-01
7.250000000000000466e-07 8.382410000000000139e-01
7.299999999999999987e-07 7.976969999999999894e-01
7.350000000000000567e-07 7.603579999999999783e-01
7.400000000000000089e-07 7.259430000000000049e-01
7.450000000000000669e-07 6.941880000000000273e-01
7.500000000000000190e-07 6.648500000000000520e-01
7.550000000000000770e-07 6.377059999999999951e-01
7.600000000000000291e-07 6.125530000000000141e-01
7.650000000000000871e-07 5.892079999999999540e-01
7.700000000000000393e-07 5.675050000000000372e-01
7.750000000000000973e-07 5.472960000000000047e-01
7.800000000000000494e-07 5.284470000000000001e-01
7.850000000000000015e-07 5.108380000000000143e-01
7.900000000000000595e-07 4.943609999999999949e-01
7.950000000000000117e-07 4.789180000000000104e-01
8.000000000000000697e-07 4.644220000000000015e-01
8.050000000000000218e-07 4.507950000000000013e-01
8.100000000000000798e-07 4.379660000000000220e-01
8.150000000000000319e-07 4.258709999999999996e-01
8.200000000000000899e-07 4.144519999999999871e-01
8.250000000000000421e-07 4.034470000000000001e-01
