3.05000e-07 5.58300e+08 0.00000e+00 4.80000e+02 0.00000e+00
3.10000e-07 6.22000e+08 0.00000e+00 2.70000e+02 0.00000e+00
3.15000e-07 6.92700e+08 0.00000e+00 1.35000e+02 0.00000e+00
3.20000e-07 7.15100e+08 0.00000e+00 8.00000e+01 0.00000e+00
3.25000e-07 8.32900e+08 0.00000e+00 3.80000e+01 0.00000e+00
3.30000e-07 9.61900e+08 0.00000e+00 1.60000e+01 0.00000e+00
3.35000e-07 9.31900e+08 0.00000e+00 7.50000e+00 0.00000e+00
3.40000e-07 9.00600e+08 0.00000e+00 4.00000e+00 0.00000e+00
3.45000e-07 9.11300e+08 0.00000e+00 1.90000e+00 0.00000e+00
3.50000e-07 9.75500e+08 0.00000e+00 7.00000e-01 0.00000e+00
3.60000e-07 9.75900e+08 0.00000e+00 0.00000e+00 0.00000e+00
3.70000e-07 1.11990e+09 0.00000e+00 0.00000e+00 0.00000e+00
3.80000e-07 1.10380e+09 0.00000e+00 0.00000e+00 0.00000e+00
3.90000e-07 1.03380e+09 0.00000e+00 0.00000e+00 0.00000e+00
4.00000e-07 1.47910e+09 0.00000e+00 0.00000e+00 0.00000e+00
4.10000e-07 1.70130e+09 0.00000e+00 0.00000e+00 0.00000e+00
4.20000e-07 1.74040e+09 0.00000e+00 0.00000e+00 0.00000e+00
4.30000e-07 1.58720e+09 0.00000e+00 0.00000e+00 0.00000e+00
4.40000e-07 1.83700e+09 0.00000e+00 0.00000e+00 0.00000e+00
4.50000e-07 2.00500e+09 0.00000e+00 3.00000e-01 0.00000e+00
4.60000e-07 2.04300e+09 0.00000e+00 6.00000e-01 0.00000e+00
4.70000e-07 1.98700e+09 0.00000e+00 9.00000e-01 0.00000e+00
4.80000e-07 2.02700e+09 0.00000e+00 1.40000e+00 0.00000e+00
4.90000e-07 1.89600e+09 0.00000e+00 2.10000e+00 0.00000e+00
5.00000e-07 1.90900e+09 0.00000e+00 3.00000e+00 0.00000e+00
5.10000e-07 1.92700e+09 0.00000e+00 4.00000e+00 0.00000e+00
5.20000e-07 1.83100e+09 0.00000e+00 4.80000e+00 0.00000e+00
5.30000e-07 1.89100e+09 0.00000e+00 6.30000e+00 0.00000e+00
5.40000e-07 1.89800e+09 0.00000e+00 7.50000e+00 0.00000e+00
5.50000e-07 1.89200e+09 0.00000e+00 8.50000e+00 0.00000e+00
5.70000e-07 1.84000e+09 0.00000e+00 1.20000e+01 0.00000e+00
5.93000e-07 1.76800e+09 7.50000e+00 1.19000e+01 0.00000e+00
6.10000e-07 1.72800e+09 0.00000e+00 1.20000e+01 0.00000e+00
6.30000e-07 1.65800e+09 0.00000e+00 9.00000e+00 0.00000e+00
6.56000e-07 1.52400e+09 0.00000e+00 6.50000e+00 0.00000e+00
6.67600e-07 1.53100e+09 0.00000e+00 5.10000e+00 0.00000e+00
6.90000e-07 1.42000e+09 1.60000e+00 2.80000e+00 1.50000e-01
7.10000e-07 1.39900e+09 1.25000e+00 1.80000e+00 0.00000e+00
7.18000e-07 1.37400e+09 1.80000e+02 1.50000e+00 0.00000e+00
7.24400e-07 1.37300e+09 2.50000e+02 1.20000e+00 0.00000e+00
7.40000e-07 1.29800e+09 6.10000e+00 1.00000e+00 0.00000e+00
7.52500e-07 1.26900e+09 8.00000e-02 8.00000e-01 0.00000e+00
7.57500e-07 1.24500e+09 1.00000e-02 7.00000e-01 0.00000e+00
7.62500e-07 1.22300e+09 0.00000e+00 6.00000e-01 4.00000e+00
7.67500e-07 1.20500e+09 0.00000e+00 5.00000e-01 3.50000e-01
7.80000e-07 1.18300e+09 6.00000e-02 0.00000e+00 0.00000e+00
8.00000e-07 1.14800e+09 3.60000e+00 0.00000e+00 0.00000e+00
8.16000e-07 1.09100e+09 1.60000e+02 0.00000e+00 0.00000e+00
8.23700e-07 1.06200e+09 2.50000e+02 0.00000e+00 0.00000e+00
8.31500e-07 1.03800e+09 5.00000e+01 0.00000e+00 0.00000e+00
8.40000e-07 1.02200e+09 1.55000e+01 0.00000e+00 0.00000e+00
8.60000e-07 9.98700e+08 0.00000e+00 0.00000e+00 0.00000e+00
8.80000e-07 9.47200e+08 2.60000e-01 0.00000e+00 0.00000e+00
9.05000e-07 8.93200e+08 7.00000e+02 0.00000e+00 0.00000e+00
9.15000e-07 8.68200e+08 5.00000e+02 0.00000e+00 0.00000e+00
9.25000e-07 8.29700e+08 5.00000e+02 0.00000e+00 0.00000e+00
9.30000e-07 8.30300e+08 2.70000e+03 0.00000e+00 0.00000e+00
9.37000e-07 8.14000e+08 5.50000e+03 0.00000e+00 0.00000e+00
9.48000e-07 7.86900e+08 4.50000e+03 0.00000e+00 0.00000e+00
9.65000e-07 7.68300e+08 4.00000e+02 0.00000e+00 0.00000e+00
9.80000e-07 7.67000e+08 1.48000e+02 0.00000e+00 0.00000e+00
9.93500e-07 7.57600e+08 1.00000e+01 0.00000e+00 0.00000e+00
1.04000e-06 6.88100e+08 0.00000e+00 0.00000e+00 0.00000e+00
1.07000e-06 6.40700e+08 1.00000e-01 0.00000e+00 0.00000e+00
1.10000e-06 6.06200e+08 3.20000e+02 0.00000e+00 0.00000e+00
1.12000e-06 5.85900e+08 1.15000e+04 0.00000e+00 0.00000e+00
1.13000e-06 5.70200e+08 7.00000e+03 0.00000e+00 0.00000e+00
1.14500e-06 5.64100e+08 7.50000e+03 0.00000e+00 0.00000e+00
1.16100e-06 5.44200e+08 1.00000e+03 0.00000e+00 0.00000e+00
1.17000e-06 5.33400e+08 5.00000e+02 0.00000e+00 0.00000e+00
1.20000e-06 5.01600e+08 2.00000e+02 0.00000e+00 0.00000e+00
1.24000e-06 4.77500e+08 2.00000e-01 0.00000e+00 5.00000e-02
1.27000e-06 4.42700e+08 2.00000e-01 0.00000e+00 3.00000e-01
1.29000e-06 4.40000e+08 1.00000e+01 0.00000e+00 2.00000e-02
1.32000e-06 4.16800e+08 4.00000e+02 0.00000e+00 2.00000e-04
1.35000e-06 3.91400e+08 2.00000e+04 0.00000e+00 1.00000e-04
1.39500e-06 3.58900e+08 1.00000e+05 0.00000e+00 0.00000e+00
1.44250e-06 3.27500e+08 1.85000e+04 0.00000e+00 5.00000e-02
1.46250e-06 3.17500e+08 8.00000e+03 0.00000e+00 1.10000e-02
1.47700e-06 3.07300e+08 8.00000e+03 0.00000e+00 5.00000e-03
1.49700e-06 3.00400e+08 1.20000e+03 0.00000e+00 6.00000e-04
1.52000e-06 2.92800e+08 1.60000e+01 0.00000e+00 0.00000e+00
1.53900e-06 2.75500e+08 2.00000e-01 0.00000e+00 5.00000e-03
1.55800e-06 2.72100e+08 5.00000e-02 0.00000e+00 1.30000e-01
1.57800e-06 2.59300e+08 1.00000e-02 0.00000e+00 4.00000e-02
1.59200e-06 2.46900e+08 0.00000e+00 0.00000e+00 6.00000e-02
1.61000e-06 2.44000e+08 1.00000e-02 0.00000e+00 1.30000e-01
1.63000e-06 2.43500e+08 1.00000e-01 0.00000e+00 1.00000e-03
1.64600e-06 2.34800e+08 1.00000e+00 0.00000e+00 1.40000e-03
1.67800e-06 2.20500e+08 3.60000e+00 0.00000e+00 1.00000e-04
1.74000e-06 1.90800e+08 1.10000e+02 0.00000e+00 0.00000e+00
1.80000e-06 1.71100e+08 1.30000e+04 0.00000e+00 0.00000e+00
1.86000e-06 1.44500e+08 1.00000e+05 0.00000e+00 1.00000e-04
1.92000e-06 1.35700e+08 5.00000e+04 0.00000e+00 1.00000e-03
1.96000e-06 1.23000e+08 1.00000e+04 0.00000e+00 4.30000e+00
1.98500e-06 1.23800e+08 4.00000e+02 0.00000e+00 2.00000e-01
2.00500e-06 1.13000e+08 2.90000e+02 0.00000e+00 2.10000e+01
2.03500e-06 1.08500e+08 1.00000e+02 0.00000e+00 1.30000e-01
2.06500e-06 9.75000e+07 4.00000e+01 0.00000e+00 1.00000e+00
2.10000e-06 9.24000e+07 2.20000e+01 0.00000e+00 8.00000e-02
2.14800e-06 8.24000e+07 2.50000e+01 0.00000e+00 1.00000e-03
2.19800e-06 7.46000e+07 3.30000e+01 0.00000e+00 4.00000e-04
2.27000e-06 6.83000e+07 5.00000e+01 0.00000e+00 1.00000e-03
2.36000e-06 6.38000e+07 4.00000e+02 0.00000e+00 5.00000e-04
2.45000e-06 4.95000e+07 8.00000e+03 0.00000e+00 2.00000e-04
2.50000e-06 4.85000e+07 3.10000e+04 0.00000e+00 1.00000e-04
2.60000e-06 3.86000e+07 1.50000e+06 0.00000e+00 7.00000e-04
2.70000e-06 3.66000e+07 2.20000e+06 0.00000e+00 1.00000e+02
2.80000e-06 3.20000e+07 8.00000e+05 0.00000e+00 1.50000e+02
2.90000e-06 2.81000e+07 6.50000e+04 0.00000e+00 1.30000e-01
3.00000e-06 2.48000e+07 2.40000e+04 0.00000e+00 9.50000e-03
3.10000e-06 2.21000e+07 2.30000e+04 0.00000e+00 1.00000e-03
3.20000e-06 1.96000e+07 1.00000e+04 0.00000e+00 8.00000e-01
3.30000e-06 1.75000e+07 1.20000e+04 0.00000e+00 1.90000e+00
3.40000e-06 1.57000e+07 1.95000e+03 0.00000e+00 1.30000e+00
3.50000e-06 1.41000e+07 3.60000e+02 0.00000e+00 7.50000e-02
3.60000e-06 1.27000e+07 3.10000e+02 0.00000e+00 1.00000e-02
3.70000e-06 1.15000e+07 2.50000e+02 0.00000e+00 2.00000e-03
3.80000e-06 1.04000e+07 1.40000e+02 0.00000e+00 4.00000e-03
3.90000e-06 9.50000e+06 1.70000e+01 0.00000e+00 2.90000e-01
4.00000e-06 8.60000e+06 4.50000e-01 0.00000e+00 2.50000e-02
