2.066666666666666644e-07 2.564425886300105706e+00
2.073578595317725660e-07 2.573842508219429170e+00
2.080536912751677938e-07 2.584042366104424282e+00
2.087542087542087286e-07 2.595032598068439889e+00
2.094594594594594636e-07 2.606774067549738838e+00
2.101694915254237108e-07 2.619265774953963621e+00
2.108843537414965936e-07 2.632498291120569434e+00
2.116040955631399228e-07 2.646461882268036803e+00
2.123287671232876805e-07 2.661138727363046463e+00
2.130584192439862380e-07 2.676533078327446802e+00
2.137931034482758725e-07 2.692641016648062102e+00
2.145328719723183197e-07 2.709472746765728246e+00
2.152777777777777754e-07 2.727015438670194580e+00
2.160278745644599239e-07 2.745248618358635984e+00
2.167832167832168025e-07 2.764216877376814097e+00
2.175438596491227962e-07 2.783898146808680973e+00
2.183098591549295974e-07 2.804320116254352957e+00
2.190812720848056357e-07 2.825473778007092207e+00
2.198581560283687936e-07 2.847349177856140390e+00
2.206405693950177806e-07 2.869999312585546303e+00
2.214285714285714299e-07 2.893398440246275793e+00
2.222222222222222180e-07 2.917562161868277659e+00
2.230215827338129542e-07 2.942518751735983429e+00
2.238267148014440504e-07 2.968273850114879320e+00
2.246376811594202931e-07 2.994880292205078121e+00
2.254545454545454544e-07 3.022347807566721389e+00
2.262773722627737157e-07 3.050711866093884339e+00
2.271062271062271151e-07 3.080031689906976400e+00
2.279411764705882047e-07 3.110389841582831050e+00
2.287822878228782400e-07 3.141857814276122873e+00
2.296296296296296094e-07 3.174542035051350464e+00
2.304832713754646819e-07 3.208585958202967436e+00
2.313432835820895414e-07 3.244176204285985854e+00
2.322097378277153666e-07 3.281524185750319234e+00
2.330827067669172779e-07 3.320868252656751896e+00
2.339622641509434076e-07 3.362448231319783432e+00
2.348484848484848363e-07 3.406633626521231584e+00
2.357414448669201582e-07 3.453607993154777400e+00
2.366412213740457945e-07 3.503661045782882066e+00
2.375478927203065309e-07 3.556955352821236538e+00
2.384615384615384589e-07 3.613422197986810858e+00
2.393822393822393794e-07 3.673002747816899838e+00
2.403100775193798251e-07 3.735095707541774335e+00
2.412451361867704515e-07 3.799056072532020600e+00
2.421875000000000105e-07 3.863705449690004734e+00
2.431372549019607941e-07 3.927652944930517975e+00
2.440944881889763711e-07 3.989341868452835449e+00
2.450592885375494059e-07 4.046683295581717132e+00
2.460317460317460215e-07 4.097863241645033128e+00
2.470119521912350783e-07 4.140766649465659199e+00
2.479999999999999972e-07 4.173451701535788594e+00
2.489959839357429258e-07 4.194466930949376504e+00
2.499999999999999887e-07 4.202581328730488508e+00
2.510121457489878459e-07 4.196887179288558478e+00
2.520325203252032621e-07 4.177370290060382629e+00
2.530612244897959123e-07 4.144343641148389601e+00
2.540983606557377151e-07 4.098894868171695016e+00
2.551440329218106654e-07 4.042493414466520107e+00
2.561983471074380465e-07 3.977204738409866991e+00
2.572614107883817340e-07 3.905271873700588259e+00
2.583333333333333305e-07 3.829135312680380210e+00
2.594142259414225848e-07 3.751159248130817581e+00
2.605042016806722642e-07 3.673574531471861526e+00
2.616033755274261615e-07 3.598099397277223499e+00
2.627118644067796716e-07 3.526087340099873124e+00
2.638297872340425311e-07 3.458317320416859353e+00
2.649572649572649543e-07 3.395263095556969368e+00
2.660944206008583475e-07 3.337150531809002008e+00
2.672413793103448538e-07 3.283371140746687900e+00
2.683982683982683919e-07 3.232240256801698575e+00
2.695652173913043517e-07 3.181020528595817964e+00
2.707423580786026242e-07 3.127464413375652175e+00
2.719298245614035085e-07 3.070202978387565285e+00
2.731277533039647740e-07 3.008942683513892380e+00
2.743362831858407457e-07 2.943995384984164243e+00
2.755555555555555525e-07 2.875818601885485215e+00
2.767857142857142675e-07 2.805340750233888958e+00
2.780269058295964083e-07 2.733647943935102909e+00
2.792792792792792318e-07 2.661763302529662756e+00
2.805429864253393696e-07 2.590719874607641859e+00
2.818181818181817717e-07 2.521603692886775328e+00
2.831050228310502230e-07 2.455159425283665708e+00
2.844036697247706240e-07 2.392229440974453780e+00
2.857142857142857467e-07 2.333224549365698230e+00
2.870370370370369986e-07 2.278541031447729903e+00
2.883720930232558218e-07 2.228182764172331520e+00
2.897196261682242864e-07 2.182537259721894163e+00
2.910798122065727965e-07 2.141135777194965062e+00
2.924528301886792330e-07 2.104113936857550549e+00
2.938388625592417415e-07 2.071069488082103671e+00
2.952380952380952046e-07 2.041843137394911967e+00
2.966507177033493254e-07 2.016120292073388054e+00
2.980769230769230736e-07 1.993728869392008329e+00
2.995169082125604085e-07 1.974276195037359516e+00
3.009708737864077467e-07 1.957465225677508469e+00
3.024390243902439146e-07 1.943089731532687381e+00
3.039215686274509926e-07 1.930875061122103054e+00
3.054187192118226674e-07 1.920703525593181027e+00
3.069306930693069179e-07 1.912285015624223705e+00
3.084577114427861081e-07 1.905358476318127270e+00
3.099999999999999966e-07 1.899760869826486287e+00
3.115577889447236277e-07 1.895456120409906076e+00
3.131313131313131327e-07 1.892347488381914911e+00
3.147208121827410942e-07 1.890100947758481365e+00
3.163265306122448772e-07 1.888732233498908730e+00
3.179487179487179452e-07 1.888130033361224314e+00
3.195876288659793703e-07 1.888313226291115310e+00
3.212435233160621962e-07 1.889064248532522639e+00
3.229166666666666631e-07 1.890399877496636627e+00
3.246073298429319233e-07 1.892336573335100525e+00
3.263157894736842208e-07 1.894763552801041584e+00
3.280423280423280815e-07 1.897702217716777273e+00
3.297872340425532036e-07 1.901150395086197875e+00
3.315508021390374128e-07 1.905123082974816029e+00
3.333333333333333006e-07 1.909623249268285416e+00
3.351351351351351100e-07 1.914647582082512178e+00
3.369565217391304264e-07 1.920083336543178198e+00
3.387978142076502339e-07 1.926144531557850925e+00
3.406593406593406329e-07 1.932820189194036864e+00
3.425414364640883624e-07 1.939990345386200188e+00
3.444444444444444406e-07 1.947739982324047103e+00
3.463687150837988700e-07 1.956056580369242015e+00
3.483146067415730102e-07 1.965011027109013098e+00
3.502824858757062287e-07 1.974583024366285189e+00
3.522727272727272544e-07 1.984728135925871495e+00
3.542857142857142667e-07 1.995626250940248703e+00
3.563218390804597698e-07 2.007112044359176117e+00
3.583815028901734000e-07 2.019250468068463089e+00
3.604651162790697905e-07 2.032185841319956054e+00
3.625730994152046604e-07 2.045733508140453516e+00
3.647058823529411911e-07 2.060022868816725694e+00
3.668639053254437911e-07 2.075047050305740548e+00
3.690476190476190586e-07 2.090803857711100111e+00
3.712574850299401128e-07 2.107351564289855705e+00
3.734939759036144945e-07 2.124538189874800587e+00
3.757575757575757486e-07 2.142622054484539351e+00
3.780487804878048932e-07 2.161676846221026516e+00
3.803680981595092145e-07 2.182492658998539614e+00
3.827160493827159981e-07 2.206099836834590544e+00
3.850931677018633218e-07 2.232610698172335706e+00
3.874999999999999957e-07 2.257576363419655952e+00
3.899371069182389774e-07 2.270350598460065150e+00
3.924050632911392422e-07 2.258877351993858529e+00
3.949044585987260799e-07 2.218567762895546469e+00
3.974358974358974315e-07 2.156536405540570911e+00
3.999999999999999819e-07 2.086706269996717378e+00
4.025974025974025613e-07 2.021572080359504309e+00
4.052287581699346391e-07 1.968033898190624242e+00
4.078947368421052363e-07 1.928740481685528696e+00
4.105960264900662322e-07 1.903807461514651411e+00
4.133333333333333287e-07 1.892538381651319934e+00
4.161073825503355875e-07 1.892541537642369764e+00
4.189189189189189271e-07 1.895475156801156968e+00
4.217687074829931872e-07 1.878334451961797047e+00
4.246575342465753610e-07 1.803832988230894996e+00
4.275862068965517449e-07 1.653625839899458994e+00
4.305555555555555508e-07 1.460828075122785563e+00
4.335664335664336049e-07 1.280809180005306747e+00
4.366197183098591948e-07 1.138840208196182591e+00
4.397163120567375872e-07 1.027700547765447503e+00
4.428571428571428598e-07 9.356124811600807778e-01
4.460431654676259084e-07 8.570275590643841035e-01
4.492753623188405862e-07 7.895696112724052140e-01
4.525547445255474313e-07 7.317375945180037977e-01
4.558823529411764095e-07 6.821462528208249720e-01
4.592592592592592189e-07 6.396200941482195201e-01
4.626865671641790828e-07 6.030008307100522824e-01
4.661654135338345558e-07 5.713109976214474361e-01
4.696969696969696725e-07 5.436419208651142032e-01
4.732824427480915889e-07 5.192183451488998625e-01
4.769230769230769178e-07 4.973409697473190616e-01
4.806201550387596501e-07 4.774573092605427505e-01
4.843750000000000211e-07 4.591401449355045350e-01
4.881889763779527422e-07 4.420760130139604338e-01
4.920634920634920429e-07 4.260370210294319726e-01
4.959999999999999945e-07 4.109212558892104128e-01
4.999999999999999774e-07 3.966546833151923801e-01
5.040650406504065243e-07 3.831818777295010192e-01
5.081967213114754302e-07 3.704888897289428940e-01
5.123966942148760930e-07 3.585263806910947149e-01
5.166666666666666609e-07 3.472429266458745833e-01
5.210084033613445285e-07 3.366304017930557002e-01
5.254237288135593431e-07 3.266000399852769243e-01
5.299145299145299086e-07 3.171493045980111058e-01
5.344827586206897077e-07 3.082429410657909208e-01
5.391304347826087035e-07 2.998111856131108199e-01
5.438596491228070171e-07 2.918374089695740525e-01
5.486725663716814914e-07 2.842911396803767254e-01
5.535714285714285350e-07 2.771024096134919179e-01
5.585585585585584637e-07 2.702799888729660593e-01
5.636363636363635435e-07 2.637644417426223686e-01
5.688073394495412480e-07 2.575125655207688435e-01
5.740740740740739971e-07 2.515212284921743979e-01
5.794392523364485729e-07 2.457449072409698676e-01
5.849056603773584661e-07 2.401674636793737494e-01
5.904761904761904091e-07 2.347424836167673334e-01
5.961538461538461472e-07 2.294557271653057395e-01
6.019417475728154934e-07 2.242975113537225840e-01
6.078431372549019852e-07 2.192267002877997528e-01
6.138613861386138357e-07 2.142311151070701580e-01
6.199999999999999931e-07 2.092958035956276330e-01
6.262626262626262653e-07 2.043953953983791982e-01
6.326530612244897543e-07 1.995318592389199730e-01
6.391752577319587405e-07 1.946813576583545091e-01
6.458333333333333262e-07 1.898513766829723337e-01
6.526315789473684417e-07 1.850040604584849147e-01
6.595744680851064072e-07 1.801343370773202390e-01
6.666666666666666012e-07 1.752165029149979347e-01
6.739130434782608529e-07 1.701409276251814595e-01
6.813186813186812657e-07 1.646692816855669095e-01
6.888888888888888812e-07 1.584560128347092256e-01
6.966292134831460204e-07 1.513390377872995962e-01
7.045454545454545088e-07 1.438072971903849029e-01
7.126436781609195396e-07 1.367544319182058266e-01
7.209302325581395811e-07 1.307624781693806360e-01
7.294117647058823822e-07 1.257472934797548292e-01
7.380952380952381173e-07 1.212613908588909273e-01
7.469879518072289890e-07 1.169550996939432708e-01
7.560975609756097864e-07 1.126691563643634209e-01
7.654320987654319962e-07 1.083538448993318082e-01
7.749999999999999914e-07 1.039926271161648319e-01
7.848101265822784844e-07 9.957936377893041036e-02
7.948717948717948630e-07 9.509529540068645259e-02
8.051948051948051226e-07 9.053639109145444896e-02
8.157894736842104727e-07 8.589314955136988228e-02
8.266666666666666575e-07 8.115506106711631307e-02
8.378378378378378543e-07 7.633363426403856622e-02
8.493150684931507219e-07 7.127755374435353064e-02
8.611111111111111016e-07 6.296911006989444615e-02
8.732394366197183896e-07 4.126232232226404589e-02
8.857142857142857196e-07 1.344891665615643821e-02
8.985507246376811725e-07 1.817147981582234407e-03
9.117647058823528190e-07 2.050530989028215506e-04
9.253731343283581655e-07 4.631695289655698424e-05
9.393939393939393450e-07 1.051767868326342214e-05
9.538461538461538356e-07 1.914251021813384699e-06
9.687500000000000422e-07 2.747001230098091321e-07
9.841269841269840858e-07 0.000000000000000000e+00
9.999999999999999547e-07 0.000000000000000000e+00
1.016393442622950860e-06 0.000000000000000000e+00
1.033333333333333322e-06 0.000000000000000000e+00
1.050847457627118686e-06 0.000000000000000000e+00
1.068965517241379415e-06 0.000000000000000000e+00
1.087719298245614034e-06 0.000000000000000000e+00
1.107142857142857070e-06 0.000000000000000000e+00
1.127272727272727087e-06 0.000000000000000000e+00
1.148148148148147994e-06 0.000000000000000000e+00
1.169811320754716932e-06 0.000000000000000000e+00
1.192307692307692294e-06 0.000000000000000000e+00
1.215686274509803970e-06 0.000000000000000000e+00
1.239999999999999986e-06 0.000000000000000000e+00
1.265306122448979509e-06 0.000000000000000000e+00
1.291666666666666652e-06 0.000000000000000000e+00
1.319148936170212814e-06 0.000000000000000000e+00
1.347826086956521706e-06 0.000000000000000000e+00
1.377777777777777762e-06 0.000000000000000000e+00
1.409090909090909018e-06 0.000000000000000000e+00
1.441860465116279162e-06 0.000000000000000000e+00
1.476190476190476235e-06 0.000000000000000000e+00
1.512195121951219573e-06 0.000000000000000000e+00
1.549999999999999983e-06 0.000000000000000000e+00
1.589743589743589726e-06 0.000000000000000000e+00
1.631578947368420945e-06 0.000000000000000000e+00
1.675675675675675709e-06 0.000000000000000000e+00
1.722222222222222203e-06 0.000000000000000000e+00
1.771428571428571439e-06 0.000000000000000000e+00
1.823529411764705638e-06 0.000000000000000000e+00
1.878787878787878690e-06 0.000000000000000000e+00
1.937500000000000084e-06 0.000000000000000000e+00
1.999999999999999909e-06 0.000000000000000000e+00
2.066666666666666644e-06 0.000000000000000000e+00
2.137931034482758831e-06 0.000000000000000000e+00
2.214285714285714140e-06 0.000000000000000000e+00
2.296296296296295988e-06 0.000000000000000000e+00
2.384615384615384589e-06 0.000000000000000000e+00
2.479999999999999972e-06 0.000000000000000000e+00
2.583333333333333305e-06 0.000000000000000000e+00
2.695652173913043412e-06 0.000000000000000000e+00
2.818181818181818035e-06 0.000000000000000000e+00
2.952380952380952469e-06 0.000000000000000000e+00
3.099999999999999966e-06 0.000000000000000000e+00
3.263157894736841891e-06 0.000000000000000000e+00
3.444444444444444406e-06 0.000000000000000000e+00
3.647058823529411276e-06 0.000000000000000000e+00
3.875000000000000169e-06 0.000000000000000000e+00
4.133333333333333287e-06 0.000000000000000000e+00
4.428571428571428280e-06 0.000000000000000000e+00
4.769230769230769178e-06 0.000000000000000000e+00
5.166666666666666609e-06 0.000000000000000000e+00
5.636363636363636070e-06 0.000000000000000000e+00
6.199999999999999931e-06 0.000000000000000000e+00
