2.399999999999999786e-07 3.580394000000000077e+00
2.449999999999999836e-07 3.908621000000000123e+00
2.499999999999999887e-07 4.100875000000000270e+00
2.549999999999999938e-07 3.978600000000000136e+00
2.599999999999999988e-07 3.659260999999999875e+00
2.650000000000000039e-07 3.402156999999999876e+00
2.700000000000000090e-07 3.169000000000000039e+00
2.750000000000000140e-07 2.951357999999999926e+00
2.799999999999999662e-07 2.683320999999999845e+00
2.849999999999999712e-07 2.401187000000000182e+00
2.899999999999999763e-07 2.200346999999999831e+00
2.949999999999999814e-07 2.068999999999999950e+00
2.999999999999999864e-07 1.995443999999999996e+00
3.049999999999999915e-07 1.944928999999999908e+00
3.099999999999999966e-07 1.919999999999999929e+00
3.150000000000000016e-07 1.906913999999999998e+00
3.200000000000000067e-07 1.903469000000000078e+00
3.250000000000000118e-07 1.907464999999999966e+00
3.299999999999999639e-07 1.915869999999999962e+00
3.349999999999999690e-07 1.931000000000000050e+00
3.399999999999999740e-07 1.946374999999999966e+00
3.449999999999999791e-07 1.969395999999999924e+00
3.499999999999999842e-07 1.992070000000000007e+00
3.549999999999999892e-07 2.018683999999999923e+00
3.599999999999999943e-07 2.047451999999999828e+00
3.649999999999999994e-07 2.076000000000000068e+00
3.700000000000000044e-07 2.115061999999999998e+00
3.750000000000000095e-07 2.152009000000000061e+00
3.799999999999999616e-07 2.224225000000000119e+00
3.849999999999999667e-07 2.279144000000000059e+00
3.899999999999999718e-07 2.277200000000000113e+00
3.949999999999999768e-07 2.223597999999999963e+00
3.999999999999999819e-07 2.145999999999999908e+00
4.049999999999999870e-07 2.080271999999999899e+00
4.099999999999999920e-07 1.999492000000000047e+00
4.149999999999999971e-07 1.923999000000000015e+00
4.199999999999999492e-07 1.867750000000000021e+00
4.249999999999999543e-07 1.797263000000000055e+00
4.299999999999999594e-07 1.628875999999999991e+00
4.349999999999999644e-07 1.360249000000000041e+00
4.399999999999999695e-07 1.115526999999999935e+00
4.449999999999999746e-07 9.322059999999999791e-01
4.499999999999999267e-07 8.243409999999999904e-01
4.549999999999999318e-07 7.454399999999999915e-01
4.599999999999999368e-07 6.842979999999999619e-01
4.649999999999999419e-07 6.320940000000000447e-01
4.699999999999999470e-07 5.888050000000000228e-01
4.749999999999999520e-07 5.522399999999999531e-01
4.799999999999999571e-07 5.194210000000000216e-01
4.850000000000000151e-07 4.899510000000000254e-01
4.899999999999999672e-07 4.656560000000000143e-01
4.950000000000000252e-07 4.448949999999999849e-01
4.999999999999999774e-07 4.250010000000000177e-01
5.049999999999999295e-07 4.065280000000000005e-01
5.099999999999999875e-07 3.904949999999999810e-01
5.149999999999999396e-07 3.763059999999999738e-01
5.199999999999999976e-07 3.631840000000000068e-01
5.249999999999999498e-07 3.508800000000000252e-01
5.300000000000000078e-07 3.393070000000000253e-01
5.349999999999998540e-07 3.283380000000000187e-01
5.400000000000000179e-07 3.179629999999999956e-01
5.449999999999998642e-07 3.081189999999999762e-01
5.500000000000000281e-07 2.988480000000000025e-01
5.549999999999998743e-07 2.902440000000000020e-01
5.600000000000000382e-07 2.821679999999999744e-01
5.649999999999998844e-07 2.744710000000000205e-01
5.700000000000000483e-07 2.670109999999999983e-01
5.749999999999998946e-07 2.598480000000000234e-01
5.800000000000000585e-07 2.528859999999999997e-01
5.849999999999999047e-07 2.462139999999999884e-01
5.900000000000000686e-07 2.399999999999999911e-01
5.949999999999999148e-07 2.347180000000000100e-01
5.999999999999999728e-07 2.298640000000000128e-01
6.049999999999999250e-07 2.252500000000000058e-01
6.099999999999999830e-07 2.205060000000000076e-01
6.149999999999999351e-07 2.157719999999999916e-01
6.199999999999999931e-07 2.109999999999999931e-01
6.249999999999999452e-07 2.059900000000000064e-01
6.300000000000000033e-07 2.009479999999999877e-01
6.349999999999999554e-07 1.959329999999999961e-01
6.400000000000000134e-07 1.910399999999999876e-01
6.449999999999999655e-07 1.862800000000000011e-01
6.500000000000000235e-07 1.816750000000000032e-01
6.549999999999999757e-07 1.773139999999999994e-01
6.599999999999999278e-07 1.732249999999999901e-01
6.649999999999999858e-07 1.692809999999999870e-01
6.699999999999999379e-07 1.654380000000000017e-01
6.749999999999999959e-07 1.618080000000000074e-01
6.799999999999999481e-07 1.581269999999999898e-01
6.850000000000000061e-07 1.542789999999999995e-01
6.899999999999999582e-07 1.500199999999999867e-01
6.950000000000000162e-07 1.449300000000000033e-01
6.999999999999999683e-07 1.396290000000000031e-01
7.050000000000000263e-07 1.342589999999999895e-01
7.099999999999999785e-07 1.290540000000000020e-01
7.150000000000000365e-07 1.241720000000000046e-01
7.199999999999999886e-07 1.195380000000000054e-01
7.249999999999999407e-07 1.152080000000000048e-01
7.299999999999999987e-07 1.112989999999999952e-01
7.349999999999999509e-07 1.080300000000000010e-01
7.400000000000000089e-07 1.051180000000000031e-01
7.449999999999999610e-07 1.025189999999999990e-01
7.500000000000000190e-07 1.001879999999999993e-01
7.549999999999999711e-07 9.790799999999999503e-02
7.599999999999999233e-07 9.580500000000000127e-02
7.649999999999999813e-07 9.393999999999999573e-02
7.699999999999999334e-07 9.233299999999999841e-02
7.749999999999999914e-07 9.099999999999999756e-02
7.799999999999999435e-07 9.044399999999999662e-02
7.850000000000000015e-07 9.008099999999999441e-02
7.899999999999999537e-07 8.980499999999999594e-02
7.950000000000000117e-07 8.950700000000000323e-02
7.999999999999999638e-07 8.908199999999999452e-02
8.050000000000000218e-07 8.855599999999999583e-02
8.099999999999999739e-07 8.766000000000000181e-02
8.150000000000000319e-07 8.625800000000000134e-02
8.199999999999998782e-07 8.421099999999999419e-02
8.249999999999999362e-07 8.138199999999999601e-02
8.299999999999998883e-07 7.662599999999999967e-02
8.349999999999999463e-07 7.032199999999999562e-02
8.399999999999998985e-07 6.333500000000000241e-02
