2.399999999999999786e-07 3.626973000000000003e+00
2.449999999999999836e-07 3.832310999999999801e+00
2.499999999999999887e-07 4.047272000000000425e+00
2.549999999999999938e-07 3.989867999999999970e+00
2.599999999999999988e-07 3.736133000000000148e+00
2.650000000000000039e-07 3.441613999999999951e+00
2.700000000000000090e-07 3.133119999999999905e+00
2.750000000000000140e-07 2.894699000000000133e+00
2.799999999999999662e-07 2.619696999999999942e+00
2.849999999999999712e-07 2.379106999999999861e+00
2.899999999999999763e-07 2.197802999999999951e+00
2.949999999999999814e-07 2.077825999999999951e+00
2.999999999999999864e-07 1.997204999999999897e+00
3.049999999999999915e-07 1.941162999999999972e+00
3.099999999999999966e-07 1.903483000000000036e+00
3.150000000000000016e-07 1.882282000000000011e+00
3.200000000000000067e-07 1.871777000000000024e+00
3.250000000000000118e-07 1.869552000000000103e+00
3.299999999999999639e-07 1.873763000000000067e+00
3.349999999999999690e-07 1.878835999999999951e+00
3.399999999999999740e-07 1.891499000000000041e+00
3.449999999999999791e-07 1.904422000000000059e+00
3.499999999999999842e-07 1.922107000000000010e+00
3.549999999999999892e-07 1.943499000000000088e+00
3.599999999999999943e-07 1.965861999999999998e+00
3.649999999999999994e-07 1.985292999999999974e+00
3.700000000000000044e-07 2.012208999999999914e+00
3.750000000000000095e-07 2.036049999999999915e+00
3.799999999999999616e-07 2.061652000000000040e+00
3.849999999999999667e-07 2.091816000000000120e+00
3.899999999999999718e-07 2.118726999999999805e+00
3.949999999999999768e-07 2.123520000000000074e+00
3.999999999999999819e-07 2.097611999999999810e+00
4.049999999999999870e-07 2.031588999999999867e+00
4.099999999999999920e-07 1.964266000000000068e+00
4.149999999999999971e-07 1.923321000000000058e+00
4.199999999999999492e-07 1.896894999999999998e+00
4.249999999999999543e-07 1.904220999999999941e+00
4.299999999999999594e-07 1.908061999999999925e+00
4.349999999999999644e-07 1.784758000000000067e+00
4.399999999999999695e-07 1.552415000000000100e+00
4.449999999999999746e-07 1.317762000000000100e+00
4.499999999999999267e-07 1.126327999999999996e+00
4.549999999999999318e-07 9.818261999999999823e-01
4.599999999999999368e-07 8.776412999999999576e-01
4.649999999999999419e-07 7.957904000000000089e-01
4.699999999999999470e-07 7.259328000000000447e-01
4.749999999999999520e-07 6.704166000000000292e-01
4.799999999999999571e-07 6.221345999999999821e-01
4.850000000000000151e-07 5.832235000000000058e-01
4.899999999999999672e-07 5.505660999999999472e-01
4.950000000000000252e-07 5.207555999999999852e-01
4.999999999999999774e-07 4.938352999999999771e-01
5.049999999999999295e-07 4.706784999999999997e-01
5.099999999999999875e-07 4.515745999999999927e-01
5.149999999999999396e-07 4.309100000000000152e-01
5.199999999999999976e-07 4.149104000000000125e-01
5.249999999999999498e-07 4.000137000000000276e-01
5.300000000000000078e-07 3.854426000000000241e-01
5.349999999999998540e-07 3.726596999999999826e-01
5.400000000000000179e-07 3.622117000000000253e-01
5.449999999999998642e-07 3.483645000000000214e-01
5.500000000000000281e-07 3.401524000000000214e-01
5.549999999999998743e-07 3.309170000000000167e-01
5.600000000000000382e-07 3.203330999999999817e-01
5.649999999999998844e-07 3.132052000000000169e-01
5.700000000000000483e-07 3.021601999999999899e-01
5.749999999999998946e-07 2.955950999999999995e-01
5.800000000000000585e-07 2.898179000000000172e-01
5.849999999999999047e-07 2.819878000000000107e-01
5.900000000000000686e-07 2.760688000000000031e-01
5.949999999999999148e-07 2.682065000000000143e-01
5.999999999999999728e-07 2.631356000000000250e-01
6.049999999999999250e-07 2.606801000000000257e-01
6.099999999999999830e-07 2.513584999999999847e-01
6.149999999999999351e-07 2.489468999999999987e-01
6.199999999999999931e-07 2.435219000000000134e-01
6.249999999999999452e-07 2.370743999999999907e-01
6.300000000000000033e-07 2.332800999999999902e-01
6.349999999999999554e-07 2.291611000000000065e-01
6.400000000000000134e-07 2.242912999999999990e-01
6.449999999999999655e-07 2.194212000000000107e-01
6.500000000000000235e-07 2.173395999999999939e-01
6.549999999999999757e-07 2.130645999999999929e-01
6.599999999999999278e-07 2.096420999999999979e-01
6.649999999999999858e-07 2.072478000000000098e-01
6.699999999999999379e-07 2.051014999999999922e-01
6.749999999999999959e-07 2.013880000000000114e-01
6.799999999999999481e-07 1.949038999999999910e-01
6.850000000000000061e-07 1.904070999999999958e-01
6.899999999999999582e-07 1.939190000000000080e-01
6.950000000000000162e-07 1.903849999999999987e-01
6.999999999999999683e-07 1.858133999999999897e-01
7.050000000000000263e-07 1.799994000000000038e-01
7.099999999999999785e-07 1.792079000000000033e-01
7.150000000000000365e-07 1.748586000000000029e-01
7.199999999999999886e-07 1.701821000000000028e-01
7.249999999999999407e-07 1.667405000000000137e-01
7.299999999999999987e-07 1.641064999999999885e-01
7.349999999999999509e-07 1.543917999999999957e-01
7.400000000000000089e-07 1.489695000000000047e-01
7.449999999999999610e-07 1.494206999999999896e-01
7.500000000000000190e-07 1.469476999999999867e-01
7.549999999999999711e-07 1.448791000000000107e-01
7.599999999999999233e-07 1.442592000000000041e-01
7.649999999999999813e-07 1.393210000000000004e-01
7.699999999999999334e-07 1.429774000000000045e-01
7.749999999999999914e-07 1.494448999999999916e-01
7.799999999999999435e-07 1.470969000000000027e-01
7.850000000000000015e-07 1.483806000000000014e-01
7.899999999999999537e-07 1.418458999999999970e-01
7.950000000000000117e-07 1.488398999999999972e-01
7.999999999999999638e-07 1.402458000000000038e-01
8.050000000000000218e-07 1.446711999999999998e-01
8.099999999999999739e-07 1.439335999999999949e-01
8.150000000000000319e-07 1.466899999999999871e-01
8.199999999999998782e-07 1.361970000000000125e-01
8.249999999999999362e-07 1.199391999999999958e-01
8.299999999999998883e-07 1.363687000000000094e-01
8.349999999999999463e-07 1.267449999999999966e-01
8.399999999999998985e-07 1.631018999999999941e-01
