2.066666666666666644e-07 2.538304874763730012e+00
2.073578595317725660e-07 2.547212422279776955e+00
2.080536912751677938e-07 2.556911684124307360e+00
2.087542087542087286e-07 2.567379722007851139e+00
2.094594594594594636e-07 2.578608823752761570e+00
2.101694915254237108e-07 2.590590514455116899e+00
2.108843537414965936e-07 2.603308362736227455e+00
2.116040955631399228e-07 2.616745513446149918e+00
2.123287671232876805e-07 2.630892171500774257e+00
2.130584192439862380e-07 2.645760722723050407e+00
2.137931034482758725e-07 2.661317479324305513e+00
2.145328719723183197e-07 2.677558665494710333e+00
2.152777777777777754e-07 2.694502146241992246e+00
2.160278745644599239e-07 2.712135169443071092e+00
2.167832167832168025e-07 2.730459124081756617e+00
2.175438596491227962e-07 2.749474914581361507e+00
2.183098591549295974e-07 2.769153371869867541e+00
2.190812720848056357e-07 2.789523316472548142e+00
2.198581560283687936e-07 2.810590546605307161e+00
2.206405693950177806e-07 2.832324525070491372e+00
2.214285714285714299e-07 2.854737055091467468e+00
2.222222222222222180e-07 2.877846638320677997e+00
2.230215827338129542e-07 2.901635153447527316e+00
2.238267148014440504e-07 2.926119285717399432e+00
2.246376811594202931e-07 2.951287166757150082e+00
2.254545454545454544e-07 2.977174830276255957e+00
2.262773722627737157e-07 3.003774984849049368e+00
2.271062271062271151e-07 3.031114947762493017e+00
2.279411764705882047e-07 3.059225911804419162e+00
2.287822878228782400e-07 3.088144287188581583e+00
2.296296296296296094e-07 3.117911434087227818e+00
2.304832713754646819e-07 3.148572207335484929e+00
2.313432835820895414e-07 3.180232547788033770e+00
2.322097378277153666e-07 3.212962094020267667e+00
2.330827067669172779e-07 3.246875320526775521e+00
2.339622641509434076e-07 3.282062677217703062e+00
2.348484848484848363e-07 3.318675308650187450e+00
2.357414448669201582e-07 3.356890525278234172e+00
2.366412213740457945e-07 3.396713689711244655e+00
2.375478927203065309e-07 3.438352787892879903e+00
2.384615384615384589e-07 3.481835404833045988e+00
2.393822393822393794e-07 3.527196949933024683e+00
2.403100775193798251e-07 3.574318223412559448e+00
2.412451361867704515e-07 3.622981930645155835e+00
2.421875000000000105e-07 3.672982575045124154e+00
2.431372549019607941e-07 3.723772346395926913e+00
2.440944881889763711e-07 3.774796667105793091e+00
2.450592885375494059e-07 3.825179089189991721e+00
2.460317460317460215e-07 3.874130257958312562e+00
2.470119521912350783e-07 3.920455492404423037e+00
2.479999999999999972e-07 3.963172518350310369e+00
2.489959839357429258e-07 4.000986844085702820e+00
2.499999999999999887e-07 4.032651230796357567e+00
2.510121457489878459e-07 4.057165593117508351e+00
2.520325203252032621e-07 4.073452817365206258e+00
2.530612244897959123e-07 4.080629518614001583e+00
2.540983606557377151e-07 4.077959435750346806e+00
2.551440329218106654e-07 4.065103330397187520e+00
2.561983471074380465e-07 4.041821850749303557e+00
2.572614107883817340e-07 4.008246501729061606e+00
2.583333333333333305e-07 3.964669862761394548e+00
2.594142259414225848e-07 3.911800032544141104e+00
2.605042016806722642e-07 3.850454312161325721e+00
2.616033755274261615e-07 3.781793291344674568e+00
2.627118644067796716e-07 3.707072809699447635e+00
2.638297872340425311e-07 3.627833210914041651e+00
2.649572649572649543e-07 3.545693050631890664e+00
2.660944206008583475e-07 3.462286781966265714e+00
2.672413793103448538e-07 3.379363878337101834e+00
2.683982683982683919e-07 3.298051523588446443e+00
2.695652173913043517e-07 3.218870405478601260e+00
2.707423580786026242e-07 3.141977432693718875e+00
2.719298245614035085e-07 3.067306826821054599e+00
2.731277533039647740e-07 2.994655273771897885e+00
2.743362831858407457e-07 2.924395040032612858e+00
2.755555555555555525e-07 2.856480354818741851e+00
2.767857142857142675e-07 2.790973342114881905e+00
2.780269058295964083e-07 2.727935209770964153e+00
2.792792792792792318e-07 2.667293777310385305e+00
2.805429864253393696e-07 2.609016482003894577e+00
2.818181818181817717e-07 2.553103163315623370e+00
2.831050228310502230e-07 2.499421950299050454e+00
2.844036697247706240e-07 2.447947066537694560e+00
2.857142857142857467e-07 2.398780664891563497e+00
2.870370370370369986e-07 2.351828071029414602e+00
2.883720930232558218e-07 2.307141553314708382e+00
2.897196261682242864e-07 2.264915921489289552e+00
2.910798122065727965e-07 2.225030550845034760e+00
2.924528301886792330e-07 2.187697886264362790e+00
2.938388625592417415e-07 2.152947931751764798e+00
2.952380952380952046e-07 2.120562999783929481e+00
2.966507177033493254e-07 2.090887259476886584e+00
2.980769230769230736e-07 2.063599150050202002e+00
2.995169082125604085e-07 2.038747453111573460e+00
3.009708737864077467e-07 2.016319277744024419e+00
3.024390243902439146e-07 1.996095524620860262e+00
3.039215686274509926e-07 1.978070933454675995e+00
3.054187192118226674e-07 1.962010595927868195e+00
3.069306930693069179e-07 1.947900790998447151e+00
3.084577114427861081e-07 1.935546362361237893e+00
3.099999999999999966e-07 1.924897413964034243e+00
3.115577889447236277e-07 1.915618553385028955e+00
3.131313131313131327e-07 1.907688984044979552e+00
3.147208121827410942e-07 1.901080029545537231e+00
3.163265306122448772e-07 1.895464021386014997e+00
3.179487179487179452e-07 1.890930574944853726e+00
3.195876288659793703e-07 1.887368203221907903e+00
3.212435233160621962e-07 1.884553837068283055e+00
3.229166666666666631e-07 1.882600837205003375e+00
3.246073298429319233e-07 1.881282547941188987e+00
3.263157894736842208e-07 1.880606608376218070e+00
3.280423280423280815e-07 1.880458839155993100e+00
3.297872340425532036e-07 1.880961008420801939e+00
3.315508021390374128e-07 1.881997660715458931e+00
3.333333333333333006e-07 1.883470053603664374e+00
3.351351351351351100e-07 1.885492918642719395e+00
3.369565217391304264e-07 1.887949323388786294e+00
3.387978142076502339e-07 1.890843500586040449e+00
3.406593406593406329e-07 1.894283204414162647e+00
3.425414364640883624e-07 1.898156376641599419e+00
3.444444444444444406e-07 1.902466320058818550e+00
3.463687150837988700e-07 1.907411085597644052e+00
3.483146067415730102e-07 1.912659282389633786e+00
3.502824858757062287e-07 1.918528669713653878e+00
3.522727272727272544e-07 1.924893825396684965e+00
3.542857142857142667e-07 1.931834825664478394e+00
3.563218390804597698e-07 1.939225982296722828e+00
3.583815028901734000e-07 1.947253901766328621e+00
3.604651162790697905e-07 1.955881747925267700e+00
3.625730994152046604e-07 1.965179319534448688e+00
3.647058823529411911e-07 1.974978295538950768e+00
3.668639053254437911e-07 1.985447741570385061e+00
3.690476190476190586e-07 1.996612805597866247e+00
3.712574850299401128e-07 2.008403600651004872e+00
3.734939759036144945e-07 2.020832283738625001e+00
3.757575757575757486e-07 2.033898524953097642e+00
3.780487804878048932e-07 2.047595651704244624e+00
3.803680981595092145e-07 2.062110327520351394e+00
3.827160493827159981e-07 2.077567603331502699e+00
3.850931677018633218e-07 2.094066905938371193e+00
3.874999999999999957e-07 2.111562518498055319e+00
3.899371069182389774e-07 2.129611892421958697e+00
3.924050632911392422e-07 2.146242600859225025e+00
3.949044585987260799e-07 2.158220134029360970e+00
3.974358974358974315e-07 2.161135637848579094e+00
3.999999999999999819e-07 2.150703761988697948e+00
4.025974025974025613e-07 2.124844569746676459e+00
4.052287581699346391e-07 2.084610213057065398e+00
4.078947368421052363e-07 2.033888329351813962e+00
4.105960264900662322e-07 1.978612331953721881e+00
4.133333333333333287e-07 1.924787368182275582e+00
4.161073825503355875e-07 1.877169343385100664e+00
4.189189189189189271e-07 1.838935592725457813e+00
4.217687074829931872e-07 1.811528554840383887e+00
4.246575342465753610e-07 1.794599108502556328e+00
4.275862068965517449e-07 1.784698351013473294e+00
4.305555555555555508e-07 1.772225875329771050e+00
4.335664335664336049e-07 1.739628013098487802e+00
4.366197183098591948e-07 1.667900591282447165e+00
4.397163120567375872e-07 1.550934505262003382e+00
4.428571428571428598e-07 1.404899639692749336e+00
4.460431654676259084e-07 1.257445027984734232e+00
4.492753623188405862e-07 1.128615988334557230e+00
4.525547445255474313e-07 1.022774344113324130e+00
4.558823529411764095e-07 9.355931349132984298e-01
4.592592592592592189e-07 8.617461553581189371e-01
4.626865671641790828e-07 7.980696804600266869e-01
4.661654135338345558e-07 7.428877500186660265e-01
4.696969696969696725e-07 6.949905439876485902e-01
4.732824427480915889e-07 6.533751068748543389e-01
4.769230769230769178e-07 6.171353353359346761e-01
4.806201550387596501e-07 5.854402574633400524e-01
4.843750000000000211e-07 5.575816766024603854e-01
4.881889763779527422e-07 5.328451946103962555e-01
4.920634920634920429e-07 5.106916128656473486e-01
4.959999999999999945e-07 4.906195152875255650e-01
4.999999999999999774e-07 4.722035628812307761e-01
5.040650406504065243e-07 4.551501591256592039e-01
5.081967213114754302e-07 4.392291067433752305e-01
5.123966942148760930e-07 4.242575466574128318e-01
5.166666666666666609e-07 4.101371918500493763e-01
5.210084033613445285e-07 3.968104812552906147e-01
5.254237288135593431e-07 3.842285180709631986e-01
5.299145299145299086e-07 3.723640271477320907e-01
5.344827586206897077e-07 3.611731574003140266e-01
5.391304347826087035e-07 3.506137176207225203e-01
5.438596491228070171e-07 3.406529125415210801e-01
5.486725663716814914e-07 3.312640800413029218e-01
5.535714285714285350e-07 3.224009203689224834e-01
5.585585585585584637e-07 3.140260661040160106e-01
5.636363636363635435e-07 3.061009503065749149e-01
5.688073394495412480e-07 2.986289323675100360e-01
5.740740740740739971e-07 2.915257340055779078e-01
5.794392523364485729e-07 2.847833028820055401e-01
5.849056603773584661e-07 2.783711488176381921e-01
5.904761904761904091e-07 2.722580053805959133e-01
5.961538461538461472e-07 2.664077671725408325e-01
6.019417475728154934e-07 2.608041453825840628e-01
6.078431372549019852e-07 2.554094681899189978e-01
6.138613861386138357e-07 2.502021225966430951e-01
6.199999999999999931e-07 2.451600724260221409e-01
6.262626262626262653e-07 2.402480266251856011e-01
6.326530612244897543e-07 2.354559320810854228e-01
6.391752577319587405e-07 2.307554239681687547e-01
6.458333333333333262e-07 2.261408443354337161e-01
6.526315789473684417e-07 2.216035234759561046e-01
6.595744680851064072e-07 2.170909009361134123e-01
6.666666666666666012e-07 2.126120244395570125e-01
6.739130434782608529e-07 2.081552062794663760e-01
6.813186813186812657e-07 2.037086391999785029e-01
6.888888888888888812e-07 1.992541682202949027e-01
6.966292134831460204e-07 1.947989143075837815e-01
7.045454545454545088e-07 1.903043777726304009e-01
7.126436781609195396e-07 1.857781039430724812e-01
7.209302325581395811e-07 1.811877128741729015e-01
7.294117647058823822e-07 1.764612348212525605e-01
7.380952380952381173e-07 1.713861937756767928e-01
7.469879518072289890e-07 1.656136230713767532e-01
7.560975609756097864e-07 1.588979272176526403e-01
7.654320987654319962e-07 1.515271951344755175e-01
7.749999999999999914e-07 1.443903360487638621e-01
7.848101265822784844e-07 1.382261001392339761e-01
7.948717948717948630e-07 1.330933130111199292e-01
8.051948051948051226e-07 1.285982488706933213e-01
8.157894736842104727e-07 1.243288303156267066e-01
8.266666666666666575e-07 1.200715171884639138e-01
8.378378378378378543e-07 1.157719938574508362e-01
8.493150684931507219e-07 1.114007977818642081e-01
8.611111111111111016e-07 1.069533599171669236e-01
8.732394366197183896e-07 1.024181593230209103e-01
8.857142857142857196e-07 9.778800767513727565e-02
8.985507246376811725e-07 9.307026188448573600e-02
9.117647058823528190e-07 8.827128157057904934e-02
9.253731343283581655e-07 8.341507620727650618e-02
9.393939393939393450e-07 7.847659159192309219e-02
9.538461538461538356e-07 7.189707541340598085e-02
9.687500000000000422e-07 5.439189821558921417e-02
9.841269841269840858e-07 2.341932017144803327e-02
9.999999999999999547e-07 4.644480878843093227e-03
1.016393442622950860e-06 8.911485997465723105e-04
1.033333333333333322e-06 3.658817970165937033e-04
1.050847457627118686e-06 1.632235694509233382e-04
1.068965517241379415e-06 6.607845572641507395e-05
1.087719298245614034e-06 2.403181802123983068e-05
1.107142857142857070e-06 7.820725311919423297e-06
1.127272727272727087e-06 2.270945988610723138e-06
1.148148148148147994e-06 5.869172893164039462e-07
1.169811320754716932e-06 0.000000000000000000e+00
1.192307692307692294e-06 0.000000000000000000e+00
1.215686274509803970e-06 0.000000000000000000e+00
1.239999999999999986e-06 0.000000000000000000e+00
1.265306122448979509e-06 0.000000000000000000e+00
1.291666666666666652e-06 0.000000000000000000e+00
1.319148936170212814e-06 0.000000000000000000e+00
1.347826086956521706e-06 0.000000000000000000e+00
1.377777777777777762e-06 0.000000000000000000e+00
1.409090909090909018e-06 0.000000000000000000e+00
1.441860465116279162e-06 0.000000000000000000e+00
1.476190476190476235e-06 0.000000000000000000e+00
1.512195121951219573e-06 0.000000000000000000e+00
1.549999999999999983e-06 0.000000000000000000e+00
1.589743589743589726e-06 0.000000000000000000e+00
1.631578947368420945e-06 0.000000000000000000e+00
1.675675675675675709e-06 0.000000000000000000e+00
1.722222222222222203e-06 0.000000000000000000e+00
1.771428571428571439e-06 0.000000000000000000e+00
1.823529411764705638e-06 0.000000000000000000e+00
1.878787878787878690e-06 0.000000000000000000e+00
1.937500000000000084e-06 0.000000000000000000e+00
1.999999999999999909e-06 0.000000000000000000e+00
2.066666666666666644e-06 0.000000000000000000e+00
2.137931034482758831e-06 0.000000000000000000e+00
2.214285714285714140e-06 0.000000000000000000e+00
2.296296296296295988e-06 0.000000000000000000e+00
2.384615384615384589e-06 0.000000000000000000e+00
2.479999999999999972e-06 0.000000000000000000e+00
2.583333333333333305e-06 0.000000000000000000e+00
2.695652173913043412e-06 0.000000000000000000e+00
2.818181818181818035e-06 0.000000000000000000e+00
2.952380952380952469e-06 0.000000000000000000e+00
3.099999999999999966e-06 0.000000000000000000e+00
3.263157894736841891e-06 0.000000000000000000e+00
3.444444444444444406e-06 0.000000000000000000e+00
3.647058823529411276e-06 0.000000000000000000e+00
3.875000000000000169e-06 0.000000000000000000e+00
4.133333333333333287e-06 0.000000000000000000e+00
4.428571428571428280e-06 0.000000000000000000e+00
4.769230769230769178e-06 0.000000000000000000e+00
5.166666666666666609e-06 0.000000000000000000e+00
5.636363636363636070e-06 0.000000000000000000e+00
6.199999999999999931e-06 0.000000000000000000e+00
