2.066666666666666644e-07 2.458804458994734432e+00
2.073578595317725660e-07 2.466333775546020846e+00
2.080536912751677938e-07 2.474664379526387403e+00
2.087542087542087286e-07 2.483815141734353027e+00
2.094594594594594636e-07 2.493732185454963446e+00
2.101694915254237108e-07 2.504425126476284014e+00
2.108843537414965936e-07 2.515886334137622082e+00
2.116040955631399228e-07 2.528076509571921093e+00
2.123287671232876805e-07 2.540987171943617451e+00
2.130584192439862380e-07 2.554617250679581009e+00
2.137931034482758725e-07 2.568972268376359835e+00
2.145328719723183197e-07 2.584011005232449421e+00
2.152777777777777754e-07 2.599753119989778316e+00
2.160278745644599239e-07 2.616186866882604711e+00
2.167832167832168025e-07 2.633307657840540994e+00
2.175438596491227962e-07 2.651094947303835436e+00
2.183098591549295974e-07 2.669565574272845243e+00
2.190812720848056357e-07 2.688697878555495802e+00
2.198581560283687936e-07 2.708499697629401126e+00
2.206405693950177806e-07 2.728948641472383585e+00
2.214285714285714299e-07 2.750022259754956178e+00
2.222222222222222180e-07 2.771748759083288771e+00
2.230215827338129542e-07 2.794090475183661049e+00
2.238267148014440504e-07 2.817060095487703197e+00
2.246376811594202931e-07 2.840655447658543498e+00
2.254545454545454544e-07 2.864852859738695301e+00
2.262773722627737157e-07 2.889656898180983369e+00
2.271062271062271151e-07 2.915078712997443589e+00
2.279411764705882047e-07 2.941121562584025462e+00
2.287822878228782400e-07 2.967788559886124222e+00
2.296296296296296094e-07 2.995102543950005636e+00
2.304832713754646819e-07 3.023078507631436818e+00
2.313432835820895414e-07 3.051750382328320299e+00
2.322097378277153666e-07 3.081144235237805340e+00
2.330827067669172779e-07 3.111304025512240834e+00
2.339622641509434076e-07 3.142259064999009421e+00
2.348484848484848363e-07 3.174068850327776747e+00
2.357414448669201582e-07 3.206796557423832184e+00
2.366412213740457945e-07 3.240490726173445690e+00
2.375478927203065309e-07 3.275136960157621235e+00
2.384615384615384589e-07 3.310842793288184094e+00
2.393822393822393794e-07 3.347557591486023387e+00
2.403100775193798251e-07 3.385377449859450660e+00
2.412451361867704515e-07 3.424081721949711721e+00
2.421875000000000105e-07 3.463733071525970875e+00
2.431372549019607941e-07 3.504055673442277197e+00
2.440944881889763711e-07 3.544935881716071879e+00
2.450592885375494059e-07 3.585977360653113344e+00
2.460317460317460215e-07 3.626811873589120161e+00
2.470119521912350783e-07 3.667016218088460011e+00
2.479999999999999972e-07 3.706028182155836070e+00
2.489959839357429258e-07 3.743222157688285812e+00
2.499999999999999887e-07 3.777962170041353041e+00
2.510121457489878459e-07 3.809435185521595546e+00
2.520325203252032621e-07 3.836973674496891196e+00
2.530612244897959123e-07 3.859758313429466625e+00
2.540983606557377151e-07 3.877025007750376062e+00
2.551440329218106654e-07 3.888170356305974629e+00
2.561983471074380465e-07 3.892516989212049250e+00
2.572614107883817340e-07 3.889582124267406460e+00
2.583333333333333305e-07 3.878886239421705184e+00
2.594142259414225848e-07 3.860224328684433104e+00
2.605042016806722642e-07 3.833519610093965024e+00
2.616033755274261615e-07 3.798782703575872777e+00
2.627118644067796716e-07 3.756375990659532871e+00
2.638297872340425311e-07 3.706694008442215083e+00
2.649572649572649543e-07 3.650304063620418482e+00
2.660944206008583475e-07 3.588087351208486098e+00
2.672413793103448538e-07 3.521105472502639167e+00
2.683982683982683919e-07 3.450345663208973512e+00
2.695652173913043517e-07 3.377002945830481995e+00
2.707423580786026242e-07 3.302115570053741234e+00
2.719298245614035085e-07 3.226512530687046354e+00
2.731277533039647740e-07 3.150750002214141254e+00
2.743362831858407457e-07 3.075442603877012182e+00
2.755555555555555525e-07 3.001076551650558866e+00
2.767857142857142675e-07 2.928085436439821443e+00
2.780269058295964083e-07 2.856932317678833488e+00
2.792792792792792318e-07 2.788315748711513997e+00
2.805429864253393696e-07 2.722468880846028227e+00
2.818181818181817717e-07 2.659695326613697564e+00
2.831050228310502230e-07 2.600281916205389621e+00
2.844036697247706240e-07 2.544287305608184724e+00
2.857142857142857467e-07 2.491673895062903377e+00
2.870370370370369986e-07 2.442346686145536072e+00
2.883720930232558218e-07 2.396249827122322262e+00
2.897196261682242864e-07 2.353086787811222713e+00
2.910798122065727965e-07 2.312857812592594264e+00
2.924528301886792330e-07 2.275154351241746031e+00
2.938388625592417415e-07 2.239946418657905003e+00
2.952380952380952046e-07 2.207057418125837334e+00
2.966507177033493254e-07 2.176236203865204999e+00
2.980769230769230736e-07 2.147335655780850949e+00
2.995169082125604085e-07 2.120317116899816501e+00
3.009708737864077467e-07 2.095062488072452656e+00
3.024390243902439146e-07 2.071552271162145242e+00
3.039215686274509926e-07 2.049565703542500561e+00
3.054187192118226674e-07 2.029192672747752280e+00
3.069306930693069179e-07 2.010316140348173519e+00
3.084577114427861081e-07 1.992914963437226961e+00
3.099999999999999966e-07 1.976984139866023282e+00
3.115577889447236277e-07 1.962494795927354430e+00
3.131313131313131327e-07 1.949220347813237275e+00
3.147208121827410942e-07 1.937250754126794261e+00
3.163265306122448772e-07 1.926557542873076345e+00
3.179487179487179452e-07 1.917025638677577470e+00
3.195876288659793703e-07 1.908519730660536373e+00
3.212435233160621962e-07 1.901022166179733519e+00
3.229166666666666631e-07 1.894629173987671056e+00
3.246073298429319233e-07 1.888998883455211830e+00
3.263157894736842208e-07 1.884333874493595351e+00
3.280423280423280815e-07 1.880409331283911190e+00
3.297872340425532036e-07 1.877212326822269128e+00
3.315508021390374128e-07 1.874630463272798364e+00
3.333333333333333006e-07 1.872869873269947805e+00
3.351351351351351100e-07 1.871601463554773304e+00
3.369565217391304264e-07 1.870820532294710681e+00
3.387978142076502339e-07 1.870632737767880638e+00
3.406593406593406329e-07 1.871032689284314765e+00
3.425414364640883624e-07 1.871798793792997628e+00
3.444444444444444406e-07 1.873152167471060725e+00
3.463687150837988700e-07 1.874975306984787871e+00
3.483146067415730102e-07 1.877150490718438203e+00
3.502824858757062287e-07 1.879792935291582534e+00
3.522727272727272544e-07 1.882883148289735686e+00
3.542857142857142667e-07 1.886424939990481997e+00
3.563218390804597698e-07 1.890514219164843190e+00
3.583815028901734000e-07 1.894916086820148893e+00
3.604651162790697905e-07 1.899945519078777734e+00
3.625730994152046604e-07 1.905361343228902937e+00
3.647058823529411911e-07 1.911257554750151799e+00
3.668639053254437911e-07 1.917600371425807193e+00
3.690476190476190586e-07 1.924573048184497814e+00
3.712574850299401128e-07 1.932037275575199553e+00
3.734939759036144945e-07 1.939946371815883586e+00
3.757575757575757486e-07 1.948462848601773212e+00
3.780487804878048932e-07 1.957419536815505623e+00
3.803680981595092145e-07 1.966970970988871414e+00
3.827160493827159981e-07 1.977145289396480266e+00
3.850931677018633218e-07 1.987847054970543148e+00
3.874999999999999957e-07 1.999064614675609253e+00
3.899371069182389774e-07 2.011053842030034566e+00
3.924050632911392422e-07 2.023463454778240411e+00
3.949044585987260799e-07 2.036435980369454501e+00
3.974358974358974315e-07 2.049233599032517894e+00
3.999999999999999819e-07 2.061136928541328128e+00
4.025974025974025613e-07 2.070662068035320491e+00
4.052287581699346391e-07 2.075824291456648485e+00
4.078947368421052363e-07 2.074665551190067792e+00
4.105960264900662322e-07 2.065298976040118806e+00
4.133333333333333287e-07 2.046469364181343398e+00
4.161073825503355875e-07 2.018166992685300531e+00
4.189189189189189271e-07 1.981511458484363164e+00
4.217687074829931872e-07 1.938612803334307966e+00
4.246575342465753610e-07 1.892615298840677474e+00
4.275862068965517449e-07 1.846522015806123740e+00
4.305555555555555508e-07 1.803414506693513664e+00
4.335664335664336049e-07 1.765728490507837423e+00
4.366197183098591948e-07 1.734675428324938373e+00
4.397163120567375872e-07 1.709982043944395347e+00
4.428571428571428598e-07 1.688235262931450320e+00
4.460431654676259084e-07 1.662063161174931025e+00
4.492753623188405862e-07 1.621344450223104472e+00
4.525547445255474313e-07 1.556675239998844384e+00
4.558823529411764095e-07 1.465621899574099940e+00
4.592592592592592189e-07 1.355560634909358075e+00
4.626865671641790828e-07 1.239686719733046782e+00
4.661654135338345558e-07 1.130190195922841090e+00
4.696969696969696725e-07 1.034055351737344308e+00
4.732824427480915889e-07 9.522067597244675552e-01
4.769230769230769178e-07 8.824222463426180108e-01
4.806201550387596501e-07 8.221191058108756611e-01
4.843750000000000211e-07 7.694140757254149809e-01
4.881889763779527422e-07 7.230805698277612548e-01
4.920634920634920429e-07 6.822209575538974446e-01
4.959999999999999945e-07 6.461283932229272553e-01
4.999999999999999774e-07 6.141390249744909102e-01
5.040650406504065243e-07 5.856863073236494577e-01
5.081967213114754302e-07 5.602364091530379619e-01
5.123966942148760930e-07 5.373181986150911138e-01
5.166666666666666609e-07 5.165256746433285473e-01
5.210084033613445285e-07 4.975162700703024132e-01
5.254237288135593431e-07 4.799888000151696366e-01
5.299145299145299086e-07 4.636846355220164972e-01
5.344827586206897077e-07 4.484450151222113545e-01
5.391304347826087035e-07 4.341112161794252744e-01
5.438596491228070171e-07 4.206153417286376262e-01
5.486725663716814914e-07 4.078836298536737681e-01
5.535714285714285350e-07 3.958401933605560918e-01
5.585585585585584637e-07 3.844888595992358438e-01
5.636363636363635435e-07 3.737611397551762749e-01
5.688073394495412480e-07 3.636579404278928451e-01
5.740740740740739971e-07 3.541083364760676533e-01
5.794392523364485729e-07 3.450982918117025400e-01
5.849056603773584661e-07 3.366017723113185478e-01
5.904761904761904091e-07 3.285669955795784136e-01
5.961538461538461472e-07 3.209782302008990507e-01
6.019417475728154934e-07 3.138039551165169860e-01
6.078431372549019852e-07 3.070040934690762002e-01
6.138613861386138357e-07 3.005605698361070721e-01
6.199999999999999931e-07 2.944357258418785483e-01
6.262626262626262653e-07 2.886158433409631852e-01
6.326530612244897543e-07 2.830647848011986767e-01
6.391752577319587405e-07 2.777487305604472989e-01
6.458333333333333262e-07 2.726460791608161238e-01
6.526315789473684417e-07 2.677476922435448881e-01
6.595744680851064072e-07 2.630053579993572588e-01
6.666666666666666012e-07 2.584178325857424685e-01
6.739130434782608529e-07 2.539746111814523144e-01
6.813186813186812657e-07 2.496172795852327486e-01
6.888888888888888812e-07 2.453564620698936438e-01
6.966292134831460204e-07 2.411677637454560930e-01
7.045454545454545088e-07 2.370396589135474741e-01
7.126436781609195396e-07 2.329472896010356398e-01
7.209302325581395811e-07 2.288787661677747221e-01
7.294117647058823822e-07 2.248220861451914465e-01
7.380952380952381173e-07 2.207729614817909303e-01
7.469879518072289890e-07 2.167188594175651073e-01
7.560975609756097864e-07 2.126528966356302786e-01
7.654320987654319962e-07 2.085435289380605517e-01
7.749999999999999914e-07 2.044180539405631436e-01
7.848101265822784844e-07 2.002296991100227797e-01
7.948717948717948630e-07 1.959864530599029209e-01
8.051948051948051226e-07 1.916684450397941053e-01
8.157894736842104727e-07 1.872160377405065190e-01
8.266666666666666575e-07 1.824745020762028880e-01
8.378378378378378543e-07 1.771266752207259487e-01
8.493150684931507219e-07 1.707922867722680427e-01
8.611111111111111016e-07 1.635847823877889240e-01
8.732394366197183896e-07 1.562325441300299878e-01
8.857142857142857196e-07 1.496557458066624657e-01
8.985507246376811725e-07 1.441904778762524986e-01
9.117647058823528190e-07 1.395164145349263862e-01
9.253731343283581655e-07 1.351688178868321322e-01
9.393939393939393450e-07 1.308639832826079541e-01
9.538461538461538356e-07 1.264986297575672880e-01
9.687500000000000422e-07 1.220408888711346784e-01
9.841269841269840858e-07 1.174911114857972866e-01
9.999999999999999547e-07 1.128366896484931520e-01
1.016393442622950860e-06 1.080856626813040955e-01
1.033333333333333322e-06 1.032444803569088215e-01
1.050847457627118686e-06 9.833109368878380219e-02
1.068965517241379415e-06 9.336888530313347534e-02
1.087719298245614034e-06 8.836578154047770861e-02
1.107142857142857070e-06 8.289187461213136376e-02
1.127272727272727087e-06 7.152116540053844729e-02
1.148148148148147994e-06 4.248836742830200408e-02
1.169811320754716932e-06 1.257076893658740611e-02
1.192307692307692294e-06 2.707100586904411833e-03
1.215686274509803970e-06 1.228345417724091906e-03
1.239999999999999986e-06 7.261078401695322858e-04
1.265306122448979509e-06 4.125038565452672674e-04
1.291666666666666652e-06 2.214028784224839411e-04
1.319148936170212814e-06 1.119778830144832580e-04
1.347826086956521706e-06 5.325940734624440173e-05
1.377777777777777762e-06 2.378506605770272769e-05
1.409090909090909018e-06 9.958621617462541607e-06
1.441860465116279162e-06 3.904883039661385847e-06
1.476190476190476235e-06 1.432376085172838348e-06
1.512195121951219573e-06 4.911507230682195335e-07
1.549999999999999983e-06 1.572889231206883365e-07
1.589743589743589726e-06 0.000000000000000000e+00
1.631578947368420945e-06 0.000000000000000000e+00
1.675675675675675709e-06 0.000000000000000000e+00
1.722222222222222203e-06 0.000000000000000000e+00
1.771428571428571439e-06 0.000000000000000000e+00
1.823529411764705638e-06 0.000000000000000000e+00
1.878787878787878690e-06 0.000000000000000000e+00
1.937500000000000084e-06 0.000000000000000000e+00
1.999999999999999909e-06 0.000000000000000000e+00
2.066666666666666644e-06 0.000000000000000000e+00
2.137931034482758831e-06 0.000000000000000000e+00
2.214285714285714140e-06 0.000000000000000000e+00
2.296296296296295988e-06 0.000000000000000000e+00
2.384615384615384589e-06 0.000000000000000000e+00
2.479999999999999972e-06 0.000000000000000000e+00
2.583333333333333305e-06 0.000000000000000000e+00
2.695652173913043412e-06 0.000000000000000000e+00
2.818181818181818035e-06 0.000000000000000000e+00
2.952380952380952469e-06 0.000000000000000000e+00
3.099999999999999966e-06 0.000000000000000000e+00
3.263157894736841891e-06 0.000000000000000000e+00
3.444444444444444406e-06 0.000000000000000000e+00
3.647058823529411276e-06 0.000000000000000000e+00
3.875000000000000169e-06 0.000000000000000000e+00
4.133333333333333287e-06 0.000000000000000000e+00
4.428571428571428280e-06 0.000000000000000000e+00
4.769230769230769178e-06 0.000000000000000000e+00
5.166666666666666609e-06 0.000000000000000000e+00
5.636363636363636070e-06 0.000000000000000000e+00
6.199999999999999931e-06 0.000000000000000000e+00
