2.066666666666666644e-07 2.379557602982003583e+00
2.073578595317725660e-07 2.385569827416997413e+00
2.080536912751677938e-07 2.392432684087255179e+00
2.087542087542087286e-07 2.400134557400981361e+00
2.094594594594594636e-07 2.408654648717462710e+00
2.101694915254237108e-07 2.417948540624086373e+00
2.108843537414965936e-07 2.428035173433220173e+00
2.116040955631399228e-07 2.438876258500720873e+00
2.123287671232876805e-07 2.450472117281023987e+00
2.130584192439862380e-07 2.462800450966678767e+00
2.137931034482758725e-07 2.475860134490400544e+00
2.145328719723183197e-07 2.489657685526455388e+00
2.152777777777777754e-07 2.504151873934764350e+00
2.160278745644599239e-07 2.519363415790317529e+00
2.167832167832168025e-07 2.535289032021569966e+00
2.175438596491227962e-07 2.551885684237163332e+00
2.183098591549295974e-07 2.569186957628883938e+00
2.190812720848056357e-07 2.587156146534218770e+00
2.198581560283687936e-07 2.605787936879249589e+00
2.206405693950177806e-07 2.625067528466687783e+00
2.214285714285714299e-07 2.644973074075795072e+00
2.222222222222222180e-07 2.665519654107106007e+00
2.230215827338129542e-07 2.686662232543157280e+00
2.238267148014440504e-07 2.708400730927048361e+00
2.246376811594202931e-07 2.730712279311521051e+00
2.254545454545454544e-07 2.753589293955763573e+00
2.262773722627737157e-07 2.777023788602403176e+00
2.271062271062271151e-07 2.801007860701467234e+00
2.279411764705882047e-07 2.825526517340684940e+00
2.287822878228782400e-07 2.850579131508228947e+00
2.296296296296296094e-07 2.876178867586875132e+00
2.304832713754646819e-07 2.902324501537205226e+00
2.313432835820895414e-07 2.929014793532836780e+00
2.322097378277153666e-07 2.956282319487094412e+00
2.330827067669172779e-07 2.984151715234749425e+00
2.339622641509434076e-07 3.012640071150058940e+00
2.348484848484848363e-07 3.041777025401847911e+00
2.357414448669201582e-07 3.071597719968833573e+00
2.366412213740457945e-07 3.102116871784689867e+00
2.375478927203065309e-07 3.133374585666921952e+00
2.384615384615384589e-07 3.165397535019194741e+00
2.393822393822393794e-07 3.198193324719525332e+00
2.403100775193798251e-07 3.231759107845444845e+00
2.412451361867704515e-07 3.266119106108067882e+00
2.421875000000000105e-07 3.301177936266543433e+00
2.431372549019607941e-07 3.336850135819586782e+00
2.440944881889763711e-07 3.373132541331782086e+00
2.450592885375494059e-07 3.409722179116093432e+00
2.460317460317460215e-07 3.446506981077330334e+00
2.470119521912350783e-07 3.483206463590915014e+00
2.479999999999999972e-07 3.519478936336946973e+00
2.489959839357429258e-07 3.555032348115851004e+00
2.499999999999999887e-07 3.589328309152671981e+00
2.510121457489878459e-07 3.621926319915316661e+00
2.520325203252032621e-07 3.652328875597703473e+00
2.530612244897959123e-07 3.679913216469043125e+00
2.540983606557377151e-07 3.704158638884954780e+00
2.551440329218106654e-07 3.724359478799340373e+00
2.561983471074380465e-07 3.740028276063299018e+00
2.572614107883817340e-07 3.750580022898607702e+00
2.583333333333333305e-07 3.755457406828079048e+00
2.594142259414225848e-07 3.754242777722602398e+00
2.605042016806722642e-07 3.746550419710601432e+00
2.616033755274261615e-07 3.732157773443998128e+00
2.627118644067796716e-07 3.710893001302188132e+00
2.638297872340425311e-07 3.682677139882273742e+00
2.649572649572649543e-07 3.647768360233301532e+00
2.660944206008583475e-07 3.606330159379290023e+00
2.672413793103448538e-07 3.558758619734238682e+00
2.683982683982683919e-07 3.505758747630809413e+00
2.695652173913043517e-07 3.447944910978599342e+00
2.707423580786026242e-07 3.386106138778340213e+00
2.719298245614035085e-07 3.321192355669437823e+00
2.731277533039647740e-07 3.254057242594333488e+00
2.743362831858407457e-07 3.185401870232889010e+00
2.755555555555555525e-07 3.115931513518046092e+00
2.767857142857142675e-07 3.046097419286089902e+00
2.780269058295964083e-07 2.976463861487864904e+00
2.792792792792792318e-07 2.907465202987904895e+00
2.805429864253393696e-07 2.839583618137198506e+00
2.818181818181817717e-07 2.773360687133054281e+00
2.831050228310502230e-07 2.709389735343708860e+00
2.844036697247706240e-07 2.647884457881290565e+00
2.857142857142857467e-07 2.589295687556123937e+00
2.870370370370369986e-07 2.533713374395938800e+00
2.883720930232558218e-07 2.481492249853302745e+00
2.897196261682242864e-07 2.432464512425418057e+00
2.910798122065727965e-07 2.386645978391618961e+00
2.924528301886792330e-07 2.343988780811626871e+00
2.938388625592417415e-07 2.304385215657716035e+00
2.952380952380952046e-07 2.267654467704405263e+00
2.966507177033493254e-07 2.233443493927904200e+00
2.980769230769230736e-07 2.201731883492161312e+00
2.995169082125604085e-07 2.172319548645903264e+00
3.009708737864077467e-07 2.144829117821587250e+00
3.024390243902439146e-07 2.119309800009919531e+00
3.039215686274509926e-07 2.095516484837285365e+00
3.054187192118226674e-07 2.073214559237115395e+00
3.069306930693069179e-07 2.052492901947641002e+00
3.084577114427861081e-07 2.033133612985277061e+00
3.099999999999999966e-07 2.015123564742378193e+00
3.115577889447236277e-07 1.998360365459268095e+00
3.131313131313131327e-07 1.982827456984077807e+00
3.147208121827410942e-07 1.968530994000476486e+00
3.163265306122448772e-07 1.955350951347369026e+00
3.179487179487179452e-07 1.943170318925443230e+00
3.195876288659793703e-07 1.932201188552323590e+00
3.212435233160621962e-07 1.922107265824414046e+00
3.229166666666666631e-07 1.913081688372283873e+00
3.246073298429319233e-07 1.905014141194180555e+00
3.263157894736842208e-07 1.897890221970460978e+00
3.280423280423280815e-07 1.891584207236556292e+00
3.297872340425532036e-07 1.886084969971639325e+00
3.315508021390374128e-07 1.881269715344171756e+00
3.333333333333333006e-07 1.877347347999847482e+00
3.351351351351351100e-07 1.874088419648468173e+00
3.369565217391304264e-07 1.871372774181697451e+00
3.387978142076502339e-07 1.869407826794698968e+00
3.406593406593406329e-07 1.867972696705270774e+00
3.425414364640883624e-07 1.867050652173804615e+00
3.444444444444444406e-07 1.866648561292633346e+00
3.463687150837988700e-07 1.866854614618419950e+00
3.483146067415730102e-07 1.867457326461573475e+00
3.502824858757062287e-07 1.868556098056290748e+00
3.522727272727272544e-07 1.870026486360630402e+00
3.542857142857142667e-07 1.872096891581537692e+00
3.563218390804597698e-07 1.874530582227262654e+00
3.583815028901734000e-07 1.877320140652165570e+00
3.604651162790697905e-07 1.880563181137499873e+00
3.625730994152046604e-07 1.884368494826182072e+00
3.647058823529411911e-07 1.888493198900294434e+00
3.668639053254437911e-07 1.893033735297269926e+00
3.690476190476190586e-07 1.898079521818788251e+00
3.712574850299401128e-07 1.903614634841656272e+00
3.734939759036144945e-07 1.909489248864482125e+00
3.757575757575757486e-07 1.915901128559804212e+00
3.780487804878048932e-07 1.922815198161898387e+00
3.803680981595092145e-07 1.930075826648314896e+00
3.827160493827159981e-07 1.937968450340245896e+00
3.850931677018633218e-07 1.946216767986782337e+00
3.874999999999999957e-07 1.954972448012154196e+00
3.899371069182389774e-07 1.964277397259571289e+00
3.924050632911392422e-07 1.974019880677792438e+00
3.949044585987260799e-07 1.984296246840693723e+00
3.974358974358974315e-07 1.995132554435788963e+00
3.999999999999999819e-07 2.006278443856117200e+00
4.025974025974025613e-07 2.017414297528715483e+00
4.052287581699346391e-07 2.028135821794183169e+00
4.078947368421052363e-07 2.037616161083909638e+00
4.105960264900662322e-07 2.044455827885490962e+00
4.133333333333333287e-07 2.047504107227213765e+00
4.161073825503355875e-07 2.045042858572596156e+00
4.189189189189189271e-07 2.035780092697976773e+00
4.217687074829931872e-07 2.018997953444833904e+00
4.246575342465753610e-07 1.994282523240374916e+00
4.275862068965517449e-07 1.962291839754238598e+00
4.305555555555555508e-07 1.924468042309672056e+00
4.335664335664336049e-07 1.882692049588313266e+00
4.366197183098591948e-07 1.839317919669221313e+00
4.397163120567375872e-07 1.796713485872178939e+00
4.428571428571428598e-07 1.757094547242217919e+00
4.460431654676259084e-07 1.721813350470151605e+00
4.492753623188405862e-07 1.691247107704579422e+00
4.525547445255474313e-07 1.663615311441222211e+00
4.558823529411764095e-07 1.634519260336941615e+00
4.592592592592592189e-07 1.596963282017208829e+00
4.626865671641790828e-07 1.543955390783047221e+00
4.661654135338345558e-07 1.471508149106409924e+00
4.696969696969696725e-07 1.381762500764737167e+00
4.732824427480915889e-07 1.282063200439873318e+00
4.769230769230769178e-07 1.181723667995570493e+00
4.806201550387596501e-07 1.088415428060101720e+00
4.843750000000000211e-07 1.005907921888974821e+00
4.881889763779527422e-07 9.344568796363473817e-01
4.920634920634920429e-07 8.725193311092263038e-01
4.959999999999999945e-07 8.183111822957368497e-01
4.999999999999999774e-07 7.704323136356993063e-01
5.040650406504065243e-07 7.279329681747270797e-01
5.081967213114754302e-07 6.900564746921762360e-01
5.123966942148760930e-07 6.562313084965613053e-01
5.166666666666666609e-07 6.259547292580545097e-01
5.210084033613445285e-07 5.987327757110642024e-01
5.254237288135593431e-07 5.741617661069569056e-01
5.299145299145299086e-07 5.518464423057388712e-01
5.344827586206897077e-07 5.314639118045478838e-01
5.391304347826087035e-07 5.127236565838678706e-01
5.438596491228070171e-07 4.953837367837403693e-01
5.486725663716814914e-07 4.792233052706317831e-01
5.535714285714285350e-07 4.641029826594379459e-01
5.585585585585584637e-07 4.498939415544389586e-01
5.636363636363635435e-07 4.364895441880764504e-01
5.688073394495412480e-07 4.238504845935944787e-01
5.740740740740739971e-07 4.119102425624922015e-01
5.794392523364485729e-07 4.006242137106834633e-01
5.849056603773584661e-07 3.899700224736186160e-01
5.904761904761904091e-07 3.799004334002529237e-01
5.961538461538461472e-07 3.703895042672364357e-01
6.019417475728154934e-07 3.614119871890711932e-01
6.078431372549019852e-07 3.529398064993702344e-01
6.138613861386138357e-07 3.449338580868959170e-01
6.199999999999999931e-07 3.373636910942826028e-01
6.262626262626262653e-07 3.302118550344436687e-01
6.326530612244897543e-07 3.234476438754597116e-01
6.391752577319587405e-07 3.170292524290412861e-01
6.458333333333333262e-07 3.109324621639337760e-01
6.526315789473684417e-07 3.051420943236654026e-01
6.595744680851064072e-07 2.996322142131080946e-01
6.666666666666666012e-07 2.943713647369489705e-01
6.739130434782608529e-07 2.893378284508265064e-01
6.813186813186812657e-07 2.844964609833940949e-01
6.888888888888888812e-07 2.798471382609078462e-01
6.966292134831460204e-07 2.753535281409028035e-01
7.045454545454545088e-07 2.709956379830999462e-01
7.126436781609195396e-07 2.667682899281931808e-01
7.209302325581395811e-07 2.626285820123409609e-01
7.294117647058823822e-07 2.585744653706499308e-01
7.380952380952381173e-07 2.545943885362256243e-01
7.469879518072289890e-07 2.506633899387953335e-01
7.560975609756097864e-07 2.467650203129845565e-01
7.654320987654319962e-07 2.428915214456329463e-01
7.749999999999999914e-07 2.390393142840309126e-01
7.848101265822784844e-07 2.351740159328718771e-01
7.948717948717948630e-07 2.313049769259238608e-01
8.051948051948051226e-07 2.274112361580746811e-01
8.157894736842104727e-07 2.234884491740124213e-01
8.266666666666666575e-07 2.195317484621265303e-01
8.378378378378378543e-07 2.155255758990116677e-01
8.493150684931507219e-07 2.114651289164419523e-01
8.611111111111111016e-07 2.073374354558922827e-01
8.732394366197183896e-07 2.031219927220158372e-01
8.857142857142857196e-07 1.988073004280577205e-01
8.985507246376811725e-07 1.942966482726758426e-01
9.117647058823528190e-07 1.893951761781149934e-01
9.253731343283581655e-07 1.836940121118045277e-01
9.393939393939393450e-07 1.769329790391742097e-01
9.538461538461538356e-07 1.694118284523791484e-01
9.687500000000000422e-07 1.620501204868428635e-01
9.841269841269840858e-07 1.557009389572490132e-01
9.999999999999999547e-07 1.504279119665511977e-01
1.016393442622950860e-06 1.458023358731009023e-01
1.033333333333333322e-06 1.413834203314459359e-01
1.050847457627118686e-06 1.369477630781797683e-01
1.068965517241379415e-06 1.324208238321040454e-01
1.087719298245614034e-06 1.277920701396437486e-01
1.107142857142857070e-06 1.230566469487741343e-01
1.127272727272727087e-06 1.182180449246782727e-01
1.148148148148147994e-06 1.132796253441414880e-01
1.169811320754716932e-06 1.082636353593023210e-01
1.192307692307692294e-06 1.031839098399731786e-01
1.215686274509803970e-06 9.805770301678003176e-02
1.239999999999999986e-06 9.288310856948238381e-02
1.265306122448979509e-06 8.680134034767357509e-02
1.291666666666666652e-06 7.191418349919442843e-02
1.319148936170212814e-06 3.808332709176599079e-02
1.347826086956521706e-06 1.019687414494758679e-02
1.377777777777777762e-06 2.799983879914523001e-03
1.409090909090909018e-06 1.596137191530662500e-03
1.441860465116279162e-06 1.020713639393475364e-03
1.476190476190476235e-06 6.284131723035236376e-04
1.512195121951219573e-06 3.701746731740063081e-04
1.549999999999999983e-06 2.082530581241075099e-04
1.589743589743589726e-06 1.117165256830529406e-04
1.631578947368420945e-06 5.707824121549926686e-05
1.675675675675675709e-06 2.774544289834667609e-05
1.722222222222222203e-06 1.281840457939801713e-05
1.771428571428571439e-06 5.624364298982519016e-06
1.823529411764705638e-06 2.341985352898255567e-06
1.878787878787878690e-06 9.249403790213824676e-07
1.937500000000000084e-06 3.462572398670334813e-07
1.999999999999999909e-06 0.000000000000000000e+00
2.066666666666666644e-06 0.000000000000000000e+00
2.137931034482758831e-06 0.000000000000000000e+00
2.214285714285714140e-06 0.000000000000000000e+00
2.296296296296295988e-06 0.000000000000000000e+00
2.384615384615384589e-06 0.000000000000000000e+00
2.479999999999999972e-06 0.000000000000000000e+00
2.583333333333333305e-06 0.000000000000000000e+00
2.695652173913043412e-06 0.000000000000000000e+00
2.818181818181818035e-06 0.000000000000000000e+00
2.952380952380952469e-06 0.000000000000000000e+00
3.099999999999999966e-06 0.000000000000000000e+00
3.263157894736841891e-06 0.000000000000000000e+00
3.444444444444444406e-06 0.000000000000000000e+00
3.647058823529411276e-06 0.000000000000000000e+00
3.875000000000000169e-06 0.000000000000000000e+00
4.133333333333333287e-06 0.000000000000000000e+00
4.428571428571428280e-06 0.000000000000000000e+00
4.769230769230769178e-06 0.000000000000000000e+00
5.166666666666666609e-06 0.000000000000000000e+00
5.636363636363636070e-06 0.000000000000000000e+00
6.199999999999999931e-06 0.000000000000000000e+00
