2.066666666666666644e-07 2.251434839117112841e+00
2.073578595317725660e-07 2.254720048730300963e+00
2.080536912751677938e-07 2.258870731855993519e+00
2.087542087542087286e-07 2.263863180867544678e+00
2.094594594594594636e-07 2.269709001733340781e+00
2.101694915254237108e-07 2.276371222035713515e+00
2.108843537414965936e-07 2.283850631685399701e+00
2.116040955631399228e-07 2.292092886302667498e+00
2.123287671232876805e-07 2.301155796590331093e+00
2.130584192439862380e-07 2.310974211094796615e+00
2.137931034482758725e-07 2.321578187134248683e+00
2.145328719723183197e-07 2.332936159621008532e+00
2.152777777777777754e-07 2.345057559414452708e+00
2.160278745644599239e-07 2.357943585487274785e+00
2.167832167832168025e-07 2.371576264750432816e+00
2.175438596491227962e-07 2.385963635699156704e+00
2.183098591549295974e-07 2.401085806872981010e+00
2.190812720848056357e-07 2.416931070402798198e+00
2.198581560283687936e-07 2.433472461154346345e+00
2.206405693950177806e-07 2.450719707250752055e+00
2.214285714285714299e-07 2.468611587385829420e+00
2.222222222222222180e-07 2.487158169481779701e+00
2.230215827338129542e-07 2.506289731733494452e+00
2.238267148014440504e-07 2.525992207080632213e+00
2.246376811594202931e-07 2.546243275173122100e+00
2.254545454545454544e-07 2.566990379473229389e+00
2.262773722627737157e-07 2.588198019072027734e+00
2.271062271062271151e-07 2.609852238049554352e+00
2.279411764705882047e-07 2.631896162826169228e+00
2.287822878228782400e-07 2.654333230182201131e+00
2.296296296296296094e-07 2.677123324806430560e+00
2.304832713754646819e-07 2.700263309455074090e+00
2.313432835820895414e-07 2.723765338822448978e+00
2.322097378277153666e-07 2.747619976288096399e+00
2.330827067669172779e-07 2.771839279511155940e+00
2.339622641509434076e-07 2.796449573724267168e+00
2.348484848484848363e-07 2.821483076275597579e+00
2.357414448669201582e-07 2.846992397322420931e+00
2.366412213740457945e-07 2.873007944969457217e+00
2.375478927203065309e-07 2.899558052422687382e+00
2.384615384615384589e-07 2.926719395017570058e+00
2.393822393822393794e-07 2.954538216379710036e+00
2.403100775193798251e-07 2.983033292958340521e+00
2.412451361867704515e-07 3.012250287090313616e+00
2.421875000000000105e-07 3.042226280410351702e+00
2.431372549019607941e-07 3.072947930763994862e+00
2.440944881889763711e-07 3.104449851627756107e+00
2.450592885375494059e-07 3.136592043121315676e+00
2.460317460317460215e-07 3.169461498843979541e+00
2.470119521912350783e-07 3.202815770063588197e+00
2.479999999999999972e-07 3.236654264305864448e+00
2.489959839357429258e-07 3.270728655698499132e+00
2.499999999999999887e-07 3.304867270323391892e+00
2.510121457489878459e-07 3.338733222085367824e+00
2.520325203252032621e-07 3.372109968069161301e+00
2.530612244897959123e-07 3.404603914953851618e+00
2.540983606557377151e-07 3.435781384286260121e+00
2.551440329218106654e-07 3.465201478833098481e+00
2.561983471074380465e-07 3.492365811239638518e+00
2.572614107883817340e-07 3.516834940349065963e+00
2.583333333333333305e-07 3.538002144840496577e+00
2.594142259414225848e-07 3.555331187040747132e+00
2.605042016806722642e-07 3.568378032863117166e+00
2.616033755274261615e-07 3.576584460234084606e+00
2.627118644067796716e-07 3.579562064508193142e+00
2.638297872340425311e-07 3.576831726277737822e+00
2.649572649572649543e-07 3.568230397285280908e+00
2.660944206008583475e-07 3.553476808256249786e+00
2.672413793103448538e-07 3.532412045382300025e+00
2.683982683982683919e-07 3.505132085220328264e+00
2.695652173913043517e-07 3.471736645629209583e+00
2.707423580786026242e-07 3.432495373233920510e+00
2.719298245614035085e-07 3.387833108033887264e+00
2.731277533039647740e-07 3.338301607870899801e+00
2.743362831858407457e-07 3.284482295012442599e+00
2.755555555555555525e-07 3.227159576929498286e+00
2.767857142857142675e-07 3.167167876674862104e+00
2.780269058295964083e-07 3.105180154750937227e+00
2.792792792792792318e-07 3.041916117044701107e+00
2.805429864253393696e-07 2.978053615702592527e+00
2.818181818181817717e-07 2.914050027658344977e+00
2.831050228310502230e-07 2.850274833871167424e+00
2.844036697247706240e-07 2.787325534628918522e+00
2.857142857142857467e-07 2.725618307166136844e+00
2.870370370370369986e-07 2.665549972051172833e+00
2.883720930232558218e-07 2.607585211911327416e+00
2.897196261682242864e-07 2.551970556953719438e+00
2.910798122065727965e-07 2.499128533461073332e+00
2.924528301886792330e-07 2.448990241149560987e+00
2.938388625592417415e-07 2.401977764374455759e+00
2.952380952380952046e-07 2.357948327498895491e+00
2.966507177033493254e-07 2.316861790342067629e+00
2.980769230769230736e-07 2.278599131666999345e+00
2.995169082125604085e-07 2.243073902367519690e+00
3.009708737864077467e-07 2.210224275591050613e+00
3.024390243902439146e-07 2.179699791311987767e+00
3.039215686274509926e-07 2.151391539644571527e+00
3.054187192118226674e-07 2.125007745169240181e+00
3.069306930693069179e-07 2.100574770749584985e+00
3.084577114427861081e-07 2.077836697688530965e+00
3.099999999999999966e-07 2.056555205780936202e+00
3.115577889447236277e-07 2.036692282839435819e+00
3.131313131313131327e-07 2.018240007645465628e+00
3.147208121827410942e-07 2.000980101033358327e+00
3.163265306122448772e-07 1.985001430579276471e+00
3.179487179487179452e-07 1.970098434761593076e+00
3.195876288659793703e-07 1.956254655053383029e+00
3.212435233160621962e-07 1.943575399149773286e+00
3.229166666666666631e-07 1.931841950003245323e+00
3.246073298429319233e-07 1.921151536107221336e+00
3.263157894736842208e-07 1.911497297739429557e+00
3.280423280423280815e-07 1.902753598282642455e+00
3.297872340425532036e-07 1.894910800805580386e+00
3.315508021390374128e-07 1.887958534874986771e+00
3.333333333333333006e-07 1.881760464479737438e+00
3.351351351351351100e-07 1.876535980792553460e+00
3.369565217391304264e-07 1.871927239142428645e+00
3.387978142076502339e-07 1.868152411722471040e+00
3.406593406593406329e-07 1.865083609925157315e+00
3.425414364640883624e-07 1.862591512463700472e+00
3.444444444444444406e-07 1.860785880285384275e+00
3.463687150837988700e-07 1.859535947438561765e+00
3.483146067415730102e-07 1.858956886317544521e+00
3.502824858757062287e-07 1.858796332861627487e+00
3.522727272727272544e-07 1.859174794874001613e+00
3.542857142857142667e-07 1.859965532962644774e+00
3.563218390804597698e-07 1.861275739971109955e+00
3.583815028901734000e-07 1.862984330766535024e+00
3.604651162790697905e-07 1.865197749315304687e+00
3.625730994152046604e-07 1.867800725462435141e+00
3.647058823529411911e-07 1.870772752647682502e+00
3.668639053254437911e-07 1.874225436398825551e+00
3.690476190476190586e-07 1.878036777073158747e+00
3.712574850299401128e-07 1.882298644416394273e+00
3.734939759036144945e-07 1.886895293662564033e+00
3.757575757575757486e-07 1.891917833645092806e+00
3.780487804878048932e-07 1.897344053450747081e+00
3.803680981595092145e-07 1.903269791066708017e+00
3.827160493827159981e-07 1.909547648753887827e+00
3.850931677018633218e-07 1.916161528686465720e+00
3.874999999999999957e-07 1.923285973317811814e+00
3.899371069182389774e-07 1.930890501387496849e+00
3.924050632911392422e-07 1.938932391658776400e+00
3.949044585987260799e-07 1.947350915198225785e+00
3.974358974358974315e-07 1.956201309285060974e+00
3.999999999999999819e-07 1.965525558298800046e+00
4.025974025974025613e-07 1.975322488192839065e+00
4.052287581699346391e-07 1.985579098425543032e+00
4.078947368421052363e-07 1.996342148439440800e+00
4.105960264900662322e-07 2.007269773657097467e+00
4.133333333333333287e-07 2.018178034537638332e+00
4.161073825503355875e-07 2.028627434144182118e+00
4.189189189189189271e-07 2.037833878193995751e+00
4.217687074829931872e-07 2.044951696503462646e+00
4.246575342465753610e-07 2.048623382841541662e+00
4.275862068965517449e-07 2.047789278419383407e+00
4.305555555555555508e-07 2.041218568226660590e+00
4.335664335664336049e-07 2.028057494645373104e+00
4.366197183098591948e-07 2.007739519700431075e+00
4.397163120567375872e-07 1.980738621362464702e+00
4.428571428571428598e-07 1.947664982151809943e+00
4.460431654676259084e-07 1.909948991825381137e+00
4.492753623188405862e-07 1.869179178179780187e+00
4.525547445255474313e-07 1.827624707258648895e+00
4.558823529411764095e-07 1.786966332620332665e+00
4.592592592592592189e-07 1.748769874220979847e+00
4.626865671641790828e-07 1.713877499478958510e+00
4.661654135338345558e-07 1.681828402757268970e+00
4.696969696969696725e-07 1.650081865467135644e+00
4.732824427480915889e-07 1.614406176849478181e+00
4.769230769230769178e-07 1.569390716717874890e+00
4.806201550387596501e-07 1.510765706739739533e+00
4.843750000000000211e-07 1.437403541582767730e+00
4.881889763779527422e-07 1.352970240519980827e+00
4.920634920634920429e-07 1.263436759510093266e+00
4.959999999999999945e-07 1.175387364498168052e+00
4.999999999999999774e-07 1.093926130565556765e+00
5.040650406504065243e-07 1.021232684799360024e+00
5.081967213114754302e-07 9.573840189173652426e-01
5.123966942148760930e-07 9.011959970689595867e-01
5.166666666666666609e-07 8.513532513215105180e-01
5.210084033613445285e-07 8.067987113469716753e-01
5.254237288135593431e-07 7.667969049075759047e-01
5.299145299145299086e-07 7.307123534852240088e-01
5.344827586206897077e-07 6.981203950502994360e-01
5.391304347826087035e-07 6.685993339165595684e-01
5.438596491228070171e-07 6.417723014192612263e-01
5.486725663716814914e-07 6.173363099664616049e-01
5.535714285714285350e-07 5.949535708124268352e-01
5.585585585585584637e-07 5.743822361295676249e-01
5.636363636363635435e-07 5.553688042832156668e-01
5.688073394495412480e-07 5.376993393344327021e-01
5.740740740740739971e-07 5.212036894837904777e-01
5.794392523364485729e-07 5.057538339667392302e-01
5.849056603773584661e-07 4.912009619025769491e-01
5.904761904761904091e-07 4.774610725612444817e-01
5.961538461538461472e-07 4.644824106335659897e-01
6.019417475728154934e-07 4.521978099067828771e-01
6.078431372549019852e-07 4.405579070739063519e-01
6.138613861386138357e-07 4.295299626139411076e-01
6.199999999999999931e-07 4.190889459294590558e-01
6.262626262626262653e-07 4.092088952053524742e-01
6.326530612244897543e-07 3.998629362068301107e-01
6.391752577319587405e-07 3.910106409807782568e-01
6.458333333333333262e-07 3.826357990636596873e-01
6.526315789473684417e-07 3.746837199049618539e-01
6.595744680851064072e-07 3.671739796084086405e-01
6.666666666666666012e-07 3.600505767871184926e-01
6.739130434782608529e-07 3.532933933853680819e-01
6.813186813186812657e-07 3.468836165359083235e-01
6.888888888888888812e-07 3.407867969792767182e-01
6.966292134831460204e-07 3.349962936906222821e-01
7.045454545454545088e-07 3.294520295991923420e-01
7.126436781609195396e-07 3.241692755955537519e-01
7.209302325581395811e-07 3.191125047535490200e-01
7.294117647058823822e-07 3.142718684866525614e-01
7.380952380952381173e-07 3.096109707356998753e-01
7.469879518072289890e-07 3.051085970367427014e-01
7.560975609756097864e-07 3.007490437606770151e-01
7.654320987654319962e-07 2.965236561079843125e-01
7.749999999999999914e-07 2.923975463248627005e-01
7.848101265822784844e-07 2.883801381595489932e-01
7.948717948717948630e-07 2.844226202407642567e-01
8.051948051948051226e-07 2.805365466911062811e-01
8.157894736842104727e-07 2.766996543641597195e-01
8.266666666666666575e-07 2.728963322186219176e-01
8.378378378378378543e-07 2.691042156626431425e-01
8.493150684931507219e-07 2.653341345320505140e-01
8.611111111111111016e-07 2.615503209646332650e-01
8.732394366197183896e-07 2.577592378212290036e-01
8.857142857142857196e-07 2.539560248977577039e-01
8.985507246376811725e-07 2.501195613967629461e-01
9.117647058823528190e-07 2.462318100149746281e-01
9.253731343283581655e-07 2.423253688063332079e-01
9.393939393939393450e-07 2.383508042430983465e-01
9.538461538461538356e-07 2.342999246012221759e-01
9.687500000000000422e-07 2.301909747657114869e-01
9.841269841269840858e-07 2.260105232511801787e-01
9.999999999999999547e-07 2.217284267046960300e-01
1.016393442622950860e-06 2.173402579016727454e-01
1.033333333333333322e-06 2.128329756628525027e-01
1.050847457627118686e-06 2.080406508353275508e-01
1.068965517241379415e-06 2.026628366937025805e-01
1.087719298245614034e-06 1.962837675046800456e-01
1.107142857142857070e-06 1.887523888432902086e-01
1.127272727272727087e-06 1.806894502379818579e-01
1.148148148148147994e-06 1.731591244899026993e-01
1.169811320754716932e-06 1.668213357978450828e-01
1.192307692307692294e-06 1.615236084457434274e-01
1.215686274509803970e-06 1.567488093816060413e-01
1.239999999999999986e-06 1.520582300894447181e-01
1.265306122448979509e-06 1.473192571509293891e-01
1.291666666666666652e-06 1.424662920422358203e-01
1.319148936170212814e-06 1.374991430288586280e-01
1.347826086956521706e-06 1.324241114821476106e-01
1.377777777777777762e-06 1.272449237547825240e-01
1.409090909090909018e-06 1.219751170465922518e-01
1.441860465116279162e-06 1.166293534408548438e-01
1.476190476190476235e-06 1.112315629095961128e-01
1.512195121951219573e-06 1.057942699576520651e-01
1.549999999999999983e-06 1.003070190411238238e-01
1.589743589743589726e-06 9.361901837073435817e-02
1.631578947368420945e-06 7.617245344868871226e-02
1.675675675675675709e-06 3.844735179599679392e-02
1.722222222222222203e-06 1.012787580615414837e-02
1.771428571428571439e-06 3.267839178569669715e-03
1.823529411764705638e-06 2.039769179379770023e-03
1.878787878787878690e-06 1.360516694841700435e-03
1.937500000000000084e-06 8.770482094557471896e-04
1.999999999999999909e-06 5.443795344980138827e-04
2.066666666666666644e-06 3.249106086069696486e-04
2.137931034482758831e-06 1.862417710036019943e-04
2.214285714285714140e-06 1.024172300546544905e-04
2.296296296296295988e-06 5.398184605805027606e-05
2.384615384615384589e-06 2.724989458529938880e-05
2.479999999999999972e-06 1.316435100514870484e-05
2.583333333333333305e-06 6.077585949052001693e-06
2.695652173913043412e-06 2.686498715201625313e-06
2.818181818181818035e-06 1.133679796938212893e-06
2.952380952380952469e-06 4.568382092626242276e-07
3.099999999999999966e-06 1.709552934239026035e-07
3.263157894736841891e-06 0.000000000000000000e+00
3.444444444444444406e-06 0.000000000000000000e+00
3.647058823529411276e-06 0.000000000000000000e+00
3.875000000000000169e-06 0.000000000000000000e+00
4.133333333333333287e-06 0.000000000000000000e+00
4.428571428571428280e-06 0.000000000000000000e+00
4.769230769230769178e-06 0.000000000000000000e+00
5.166666666666666609e-06 0.000000000000000000e+00
5.636363636363636070e-06 0.000000000000000000e+00
6.199999999999999931e-06 0.000000000000000000e+00
