2.066666666666666644e-07 2.140839823478069004e+00
2.073578595317725660e-07 2.141191817117227281e+00
2.080536912751677938e-07 2.142401291156744048e+00
2.087542087542087286e-07 2.144488328013801848e+00
2.094594594594594636e-07 2.147409794007729023e+00
2.101694915254237108e-07 2.151141361674760333e+00
2.108843537414965936e-07 2.155706328506338032e+00
2.116040955631399228e-07 2.161096131745471105e+00
2.123287671232876805e-07 2.167268118120685649e+00
2.130584192439862380e-07 2.174249856192337127e+00
2.137931034482758725e-07 2.182030681819916218e+00
2.145328719723183197e-07 2.190636119462268550e+00
2.152777777777777754e-07 2.200053525724339654e+00
2.160278745644599239e-07 2.210279360322766173e+00
2.167832167832168025e-07 2.221335444665274661e+00
2.175438596491227962e-07 2.233241940285417559e+00
2.183098591549295974e-07 2.245984083631035411e+00
2.190812720848056357e-07 2.259578703695245938e+00
2.198581560283687936e-07 2.273998298545839347e+00
2.206405693950177806e-07 2.289249613176614684e+00
2.214285714285714299e-07 2.305288316516409530e+00
2.222222222222222180e-07 2.322099486397823931e+00
2.230215827338129542e-07 2.339627723929599501e+00
2.238267148014440504e-07 2.357817422951010489e+00
2.246376811594202931e-07 2.376611310617070316e+00
2.254545454545454544e-07 2.395929819767326663e+00
2.262773722627737157e-07 2.415652743248905221e+00
2.271062271062271151e-07 2.435734996216541326e+00
2.279411764705882047e-07 2.456061712639326267e+00
2.287822878228782400e-07 2.476575538490952688e+00
2.296296296296296094e-07 2.497158284105217341e+00
2.304832713754646819e-07 2.517796464263909240e+00
2.313432835820895414e-07 2.538393278354679428e+00
2.322097378277153666e-07 2.558961302140168481e+00
2.330827067669172779e-07 2.579506323094013176e+00
2.339622641509434076e-07 2.600026221008168825e+00
2.348484848484848363e-07 2.620572621010754055e+00
2.357414448669201582e-07 2.641239584356328773e+00
2.366412213740457945e-07 2.662112760069842210e+00
2.375478927203065309e-07 2.683267277380275484e+00
2.384615384615384589e-07 2.704856189915841647e+00
2.393822393822393794e-07 2.726965456566867729e+00
2.403100775193798251e-07 2.749741857808429391e+00
2.412451361867704515e-07 2.773292674425451132e+00
2.421875000000000105e-07 2.797707201155652523e+00
2.431372549019607941e-07 2.823080711248901142e+00
2.440944881889763711e-07 2.849468674997769124e+00
2.450592885375494059e-07 2.876960131158258882e+00
2.460317460317460215e-07 2.905571166758100343e+00
2.470119521912350783e-07 2.935320065571582315e+00
2.479999999999999972e-07 2.966222933855772403e+00
2.489959839357429258e-07 2.998238175837131259e+00
2.499999999999999887e-07 3.031308601049916618e+00
2.510121457489878459e-07 3.065391150197003700e+00
2.520325203252032621e-07 3.100345734350307136e+00
2.530612244897959123e-07 3.136015763157763647e+00
2.540983606557377151e-07 3.172176166322569824e+00
2.551440329218106654e-07 3.208497863786926807e+00
2.561983471074380465e-07 3.244744829845332745e+00
2.572614107883817340e-07 3.280356711011320758e+00
2.583333333333333305e-07 3.314961156205961323e+00
2.594142259414225848e-07 3.347957885130506295e+00
2.605042016806722642e-07 3.378626651246894319e+00
2.616033755274261615e-07 3.406304542625751886e+00
2.627118644067796716e-07 3.430296348867285960e+00
2.638297872340425311e-07 3.449916390139352362e+00
2.649572649572649543e-07 3.464355040381764006e+00
2.660944206008583475e-07 3.472990373511285256e+00
2.672413793103448538e-07 3.475257356722734503e+00
2.683982683982683919e-07 3.470795417043718079e+00
2.695652173913043517e-07 3.459084388392412723e+00
2.707423580786026242e-07 3.439998152287136346e+00
2.719298245614035085e-07 3.413654023452176389e+00
2.731277533039647740e-07 3.380190141751717281e+00
2.743362831858407457e-07 3.339880134136403722e+00
2.755555555555555525e-07 3.293411655180316533e+00
2.767857142857142675e-07 3.241468534046251904e+00
2.780269058295964083e-07 3.184938052092384453e+00
2.792792792792792318e-07 3.124885144967600059e+00
2.805429864253393696e-07 3.062275838630221347e+00
2.818181818181817717e-07 2.998128856841703271e+00
2.831050228310502230e-07 2.933356422258841079e+00
2.844036697247706240e-07 2.868496622721024014e+00
2.857142857142857467e-07 2.804175199407822561e+00
2.870370370370369986e-07 2.740918167063111976e+00
2.883720930232558218e-07 2.679078802946806004e+00
2.897196261682242864e-07 2.619163837773335057e+00
2.910798122065727965e-07 2.561307059714177381e+00
2.924528301886792330e-07 2.506002980100217492e+00
2.938388625592417415e-07 2.453344081814728739e+00
2.952380952380952046e-07 2.403364079371429263e+00
2.966507177033493254e-07 2.356081591560585942e+00
2.980769230769230736e-07 2.311551504312049143e+00
2.995169082125604085e-07 2.269567852568556532e+00
3.009708737864077467e-07 2.230240689523403042e+00
3.024390243902439146e-07 2.193120091896398005e+00
3.039215686274509926e-07 2.158380682665176131e+00
3.054187192118226674e-07 2.125726378390538240e+00
3.069306930693069179e-07 2.095171096481424744e+00
3.084577114427861081e-07 2.066458092463820506e+00
3.099999999999999966e-07 2.039639750304269583e+00
3.115577889447236277e-07 2.014568075300827932e+00
3.131313131313131327e-07 1.991322952969830196e+00
3.147208121827410942e-07 1.969760640507995264e+00
3.163265306122448772e-07 1.949968358229345444e+00
3.179487179487179452e-07 1.931687851729141370e+00
3.195876288659793703e-07 1.915116587358125955e+00
3.212435233160621962e-07 1.899997916770498785e+00
3.229166666666666631e-07 1.886523451165855736e+00
3.246073298429319233e-07 1.874431147701094424e+00
3.263157894736842208e-07 1.863695262678732201e+00
3.280423280423280815e-07 1.854397349375567439e+00
3.297872340425532036e-07 1.846271798740128922e+00
3.315508021390374128e-07 1.839299502726601032e+00
3.333333333333333006e-07 1.833453299787389801e+00
3.351351351351351100e-07 1.828587533856031566e+00
3.369565217391304264e-07 1.824683997303030214e+00
3.387978142076502339e-07 1.821729735348713186e+00
3.406593406593406329e-07 1.819468741609000739e+00
3.425414364640883624e-07 1.818008767966899031e+00
3.444444444444444406e-07 1.817221579602272818e+00
3.463687150837988700e-07 1.817095506235035574e+00
3.483146067415730102e-07 1.817513449748882515e+00
3.502824858757062287e-07 1.818462168319544991e+00
3.522727272727272544e-07 1.819948006571532551e+00
3.542857142857142667e-07 1.821838660105162822e+00
3.563218390804597698e-07 1.824250976494044441e+00
3.583815028901734000e-07 1.827078854522050433e+00
3.604651162790697905e-07 1.830300300088282484e+00
3.625730994152046604e-07 1.833926761244665027e+00
3.647058823529411911e-07 1.837949188823808866e+00
3.668639053254437911e-07 1.842247641509009881e+00
3.690476190476190586e-07 1.847047540993727699e+00
3.712574850299401128e-07 1.852118092228283164e+00
3.734939759036144945e-07 1.857676725831691522e+00
3.757575757575757486e-07 1.863486352267365698e+00
3.780487804878048932e-07 1.869769822736257803e+00
3.803680981595092145e-07 1.876393147572644526e+00
3.827160493827159981e-07 1.883454506399363515e+00
3.850931677018633218e-07 1.890942158885828173e+00
3.874999999999999957e-07 1.898715990456811165e+00
3.899371069182389774e-07 1.906980569409325810e+00
3.924050632911392422e-07 1.915702631410078460e+00
3.949044585987260799e-07 1.924855616040142881e+00
3.974358974358974315e-07 1.934512690683711122e+00
3.999999999999999819e-07 1.944507179013711617e+00
4.025974025974025613e-07 1.955030544843311846e+00
4.052287581699346391e-07 1.966014757327693374e+00
4.078947368421052363e-07 1.977509986619034654e+00
4.105960264900662322e-07 1.989545479271327411e+00
4.133333333333333287e-07 2.002130107347706023e+00
4.161073825503355875e-07 2.015329649577974447e+00
4.189189189189189271e-07 2.029049449081776313e+00
4.217687074829931872e-07 2.043210840248383509e+00
4.246575342465753610e-07 2.057528064268492329e+00
4.275862068965517449e-07 2.071323056287017739e+00
4.305555555555555508e-07 2.083667005641069103e+00
4.335664335664336049e-07 2.093378117350022105e+00
4.366197183098591948e-07 2.098757475989821319e+00
4.397163120567375872e-07 2.098258066978210934e+00
4.428571428571428598e-07 2.090709727945019747e+00
4.460431654676259084e-07 2.075035094269246372e+00
4.492753623188405862e-07 2.051501463192765495e+00
4.525547445255474313e-07 2.020511030014649823e+00
4.558823529411764095e-07 1.983764626165696487e+00
4.592592592592592189e-07 1.943152870227739859e+00
4.626865671641790828e-07 1.901172596134868442e+00
4.661654135338345558e-07 1.859902426985799551e+00
4.696969696969696725e-07 1.821500108271959517e+00
4.732824427480915889e-07 1.787009166014247974e+00
4.769230769230769178e-07 1.756635866704712612e+00
4.806201550387596501e-07 1.728743282148169857e+00
4.843750000000000211e-07 1.699348745705936192e+00
4.881889763779527422e-07 1.662826897973578522e+00
4.920634920634920429e-07 1.613252732244889298e+00
4.959999999999999945e-07 1.547511798233251579e+00
4.999999999999999774e-07 1.467094406560121245e+00
5.040650406504065243e-07 1.378012342843356164e+00
5.081967213114754302e-07 1.287770934224445218e+00
5.123966942148760930e-07 1.202811559134003394e+00
5.166666666666666609e-07 1.126528462550828058e+00
5.210084033613445285e-07 1.059598820861699986e+00
5.254237288135593431e-07 1.000819897960129268e+00
5.299145299145299086e-07 9.486292321994045373e-01
5.344827586206897077e-07 9.018563034977681303e-01
5.391304347826087035e-07 8.596531818658816881e-01
5.438596491228070171e-07 8.214104489056246461e-01
5.486725663716814914e-07 7.867042732100048008e-01
5.535714285714285350e-07 7.551640078033281522e-01
5.585585585585584637e-07 7.264135674981772040e-01
5.636363636363635435e-07 7.001504889784354591e-01
5.688073394495412480e-07 6.760840248183340728e-01
5.740740740740739971e-07 6.539415880735228725e-01
5.794392523364485729e-07 6.335092250499830824e-01
5.849056603773584661e-07 6.145507781898250643e-01
5.904761904761904091e-07 5.968884468268420562e-01
5.961538461538461472e-07 5.803500137708629270e-01
6.019417475728154934e-07 5.647937305441821376e-01
6.078431372549019852e-07 5.501140530822044017e-01
6.138613861386138357e-07 5.361924909350472834e-01
6.199999999999999931e-07 5.229810894677762168e-01
6.262626262626262653e-07 5.104329843423258684e-01
6.326530612244897543e-07 4.984594742444923843e-01
6.391752577319587405e-07 4.870790410149832272e-01
6.458333333333333262e-07 4.762248578634777352e-01
6.526315789473684417e-07 4.658971051225053728e-01
6.595744680851064072e-07 4.560524813018204671e-01
6.666666666666666012e-07 4.466893394696699326e-01
6.739130434782608529e-07 4.377776207715156631e-01
6.813186813186812657e-07 4.292992641157572509e-01
6.888888888888888812e-07 4.212228420714436705e-01
6.966292134831460204e-07 4.135152220076829810e-01
7.045454545454545088e-07 4.061844332060786655e-01
7.126436781609195396e-07 3.991826256738364997e-01
7.209302325581395811e-07 3.925032323430514558e-01
7.294117647058823822e-07 3.861372515418331486e-01
7.380952380952381173e-07 3.800238061874022799e-01
7.469879518072289890e-07 3.741932503595485349e-01
7.560975609756097864e-07 3.685967186192313227e-01
7.654320987654319962e-07 3.632112482853251945e-01
7.749999999999999914e-07 3.580399534244059212e-01
7.848101265822784844e-07 3.530586095761573673e-01
7.948717948717948630e-07 3.482305255109435227e-01
8.051948051948051226e-07 3.435580961389695931e-01
8.157894736842104727e-07 3.390291427585688799e-01
8.266666666666666575e-07 3.346199712365602319e-01
8.378378378378378543e-07 3.302923170662762642e-01
8.493150684931507219e-07 3.260850516457975412e-01
8.611111111111111016e-07 3.219488165871192686e-01
8.732394366197183896e-07 3.178581977627076838e-01
8.857142857142857196e-07 3.138261501213271409e-01
8.985507246376811725e-07 3.098381105038460759e-01
9.117647058823528190e-07 3.058720309123511560e-01
9.253731343283581655e-07 3.019268135982023926e-01
9.393939393939393450e-07 2.979786427090904133e-01
9.538461538461538356e-07 2.940480045254433294e-01
9.687500000000000422e-07 2.900887656548505888e-01
9.841269841269840858e-07 2.860991128574418285e-01
9.999999999999999547e-07 2.821040331762792452e-01
1.016393442622950860e-06 2.780556144695775500e-01
1.033333333333333322e-06 2.739859857774471497e-01
1.050847457627118686e-06 2.698644732809019064e-01
1.068965517241379415e-06 2.656849368353145224e-01
1.087719298245614034e-06 2.614476745280497894e-01
1.107142857142857070e-06 2.571294870925566745e-01
1.127272727272727087e-06 2.527448897930971716e-01
1.148148148148147994e-06 2.482766375496304745e-01
1.169811320754716932e-06 2.437295463213831892e-01
1.192307692307692294e-06 2.390631487789265375e-01
1.215686274509803970e-06 2.342921014519309952e-01
1.239999999999999986e-06 2.293258140232551368e-01
1.265306122448979509e-06 2.239778383020614161e-01
1.291666666666666652e-06 2.178447151279350180e-01
1.319148936170212814e-06 2.104693206470103495e-01
1.347826086956521706e-06 2.019188409941767015e-01
1.377777777777777762e-06 1.931127610390870053e-01
1.409090909090909018e-06 1.852643231696752546e-01
1.441860465116279162e-06 1.787984194567092677e-01
1.476190476190476235e-06 1.733172630676323989e-01
1.512195121951219573e-06 1.682442769494043033e-01
1.549999999999999983e-06 1.632277573563234996e-01
1.589743589743589726e-06 1.581304926667828348e-01
1.631578947368420945e-06 1.529123538988452491e-01
1.675675675675675709e-06 1.475725144154005630e-01
1.722222222222222203e-06 1.421143247602955351e-01
1.771428571428571439e-06 1.365488058560968276e-01
1.823529411764705638e-06 1.308816833117978362e-01
1.878787878787878690e-06 1.251406839402962046e-01
1.937500000000000084e-06 1.193452933785311698e-01
1.999999999999999909e-06 1.135321647913415943e-01
2.066666666666666644e-06 1.076915178413260094e-01
2.137931034482758831e-06 1.009224736149822027e-01
2.214285714285714140e-06 8.411792675231952177e-02
2.296296296296295988e-06 4.452960208239074152e-02
2.384615384615384589e-06 1.173794638548865052e-02
2.479999999999999972e-06 3.268319462637904980e-03
2.583333333333333305e-06 1.890420027749796896e-03
2.695652173913043412e-06 1.206279320520020019e-03
2.818181818181818035e-06 7.395999902267092960e-04
2.952380952380952469e-06 4.333962850678993082e-04
3.099999999999999966e-06 2.423373892665639366e-04
3.263157894736841891e-06 1.291184359844003895e-04
3.444444444444444406e-06 6.546823354286961756e-05
3.647058823529411276e-06 3.155753686781665140e-05
3.875000000000000169e-06 1.444632354806163218e-05
4.133333333333333287e-06 6.276120343155897824e-06
4.428571428571428280e-06 2.585571922019079279e-06
4.769230769230769178e-06 1.009470561662945658e-06
5.166666666666666609e-06 3.732672912780037042e-07
5.636363636363636070e-06 0.000000000000000000e+00
6.199999999999999931e-06 0.000000000000000000e+00
