2.066666666666666644e-07 2.121465148720529381e+00
2.073578595317725660e-07 2.120262936251490427e+00
2.080536912751677938e-07 2.119989432094553372e+00
2.087542087542087286e-07 2.120608638139140467e+00
2.094594594594594636e-07 2.122135503407019286e+00
2.101694915254237108e-07 2.124506353314399298e+00
2.108843537414965936e-07 2.127752537559788770e+00
2.116040955631399228e-07 2.131832898916049768e+00
2.123287671232876805e-07 2.136739723384022849e+00
2.130584192439862380e-07 2.142502499583172071e+00
2.137931034482758725e-07 2.149101641811035357e+00
2.145328719723183197e-07 2.156530947331865011e+00
2.152777777777777754e-07 2.164830257736239716e+00
2.160278745644599239e-07 2.173970697124183449e+00
2.167832167832168025e-07 2.184027162335728356e+00
2.175438596491227962e-07 2.194988189005694146e+00
2.183098591549295974e-07 2.206871400934089067e+00
2.190812720848056357e-07 2.219749067612069471e+00
2.198581560283687936e-07 2.233630251819832768e+00
2.206405693950177806e-07 2.248554985971445319e+00
2.214285714285714299e-07 2.264545929202485208e+00
2.222222222222222180e-07 2.281596217319995290e+00
2.230215827338129542e-07 2.299740524220145410e+00
2.238267148014440504e-07 2.318915800175542774e+00
2.246376811594202931e-07 2.339084599312146295e+00
2.254545454545454544e-07 2.360131499735644400e+00
2.262773722627737157e-07 2.381942035094941179e+00
2.271062271062271151e-07 2.404330518285594298e+00
2.279411764705882047e-07 2.427064837337859160e+00
2.287822878228782400e-07 2.449954276145401622e+00
2.296296296296296094e-07 2.472733000910229073e+00
2.304832713754646819e-07 2.495146591272909387e+00
2.313432835820895414e-07 2.516963923185955299e+00
2.322097378277153666e-07 2.538063670348586154e+00
2.330827067669172779e-07 2.558281720636109480e+00
2.339622641509434076e-07 2.577625794668484183e+00
2.348484848484848363e-07 2.596115808619486209e+00
2.357414448669201582e-07 2.613899001729897975e+00
2.366412213740457945e-07 2.631197735291334272e+00
2.375478927203065309e-07 2.648275143679454491e+00
2.384615384615384589e-07 2.665460047353652051e+00
2.393822393822393794e-07 2.683106171227905623e+00
2.403100775193798251e-07 2.701576372386981006e+00
2.412451361867704515e-07 2.721189251800462117e+00
2.421875000000000105e-07 2.742200554478186003e+00
2.431372549019607941e-07 2.764859720004475108e+00
2.440944881889763711e-07 2.789306526653044571e+00
2.450592885375494059e-07 2.815632489156338014e+00
2.460317460317460215e-07 2.843872067789331215e+00
2.470119521912350783e-07 2.874066037373999905e+00
2.479999999999999972e-07 2.906216933093515919e+00
2.489959839357429258e-07 2.940366067887246082e+00
2.499999999999999887e-07 2.976591477748732117e+00
2.510121457489878459e-07 3.015029275799326669e+00
2.520325203252032621e-07 3.055839232817493478e+00
2.530612244897959123e-07 3.099160157819470296e+00
2.540983606557377151e-07 3.145146498943192537e+00
2.551440329218106654e-07 3.193757590117688672e+00
2.561983471074380465e-07 3.244685915024657419e+00
2.572614107883817340e-07 3.297349187296373607e+00
2.583333333333333305e-07 3.350615179850973568e+00
2.594142259414225848e-07 3.403098803828163099e+00
2.605042016806722642e-07 3.452862092437768649e+00
2.616033755274261615e-07 3.497801474722280979e+00
2.627118644067796716e-07 3.535947841144619463e+00
2.638297872340425311e-07 3.565343724950877480e+00
2.649572649572649543e-07 3.584799812907585537e+00
2.660944206008583475e-07 3.594032258618929276e+00
2.672413793103448538e-07 3.593497995722257254e+00
2.683982683982683919e-07 3.584624988538914980e+00
2.695652173913043517e-07 3.569355813792511878e+00
2.707423580786026242e-07 3.549624077075146378e+00
2.719298245614035085e-07 3.526629588520302061e+00
2.731277533039647740e-07 3.500487873486392232e+00
2.743362831858407457e-07 3.469772674968217618e+00
2.755555555555555525e-07 3.431703171010989095e+00
2.767857142857142675e-07 3.383042683036987519e+00
2.780269058295964083e-07 3.320870586389362167e+00
2.792792792792792318e-07 3.243532651747647044e+00
2.805429864253393696e-07 3.151138741537632182e+00
2.818181818181817717e-07 3.045899810729760571e+00
2.831050228310502230e-07 2.931834298254434756e+00
2.844036697247706240e-07 2.813724645912637712e+00
2.857142857142857467e-07 2.696499369807014990e+00
2.870370370370369986e-07 2.584496737708899872e+00
2.883720930232558218e-07 2.480451943293309203e+00
2.897196261682242864e-07 2.386192877183806793e+00
2.910798122065727965e-07 2.302249709328311855e+00
2.924528301886792330e-07 2.228150242704412420e+00
2.938388625592417415e-07 2.163064201261018393e+00
2.952380952380952046e-07 2.105874288016811757e+00
2.966507177033493254e-07 2.055422341175241030e+00
2.980769230769230736e-07 2.010855573837961430e+00
2.995169082125604085e-07 1.971240531720952260e+00
3.009708737864077467e-07 1.935849311244512760e+00
3.024390243902439146e-07 1.904296714367591070e+00
3.039215686274509926e-07 1.876034456986314103e+00
3.054187192118226674e-07 1.850833878741825478e+00
3.069306930693069179e-07 1.828373530698002236e+00
3.084577114427861081e-07 1.808428688848305432e+00
3.099999999999999966e-07 1.790883756480545319e+00
3.115577889447236277e-07 1.775411322108211731e+00
3.131313131313131327e-07 1.762004191502389849e+00
3.147208121827410942e-07 1.750425885623940525e+00
3.163265306122448772e-07 1.740435983151951138e+00
3.179487179487179452e-07 1.732038058423889915e+00
3.195876288659793703e-07 1.725105288953562965e+00
3.212435233160621962e-07 1.719390323135344900e+00
3.229166666666666631e-07 1.714902131650339889e+00
3.246073298429319233e-07 1.711383206802958856e+00
3.263157894736842208e-07 1.708958278828152766e+00
3.280423280423280815e-07 1.707266498270569421e+00
3.297872340425532036e-07 1.706421514910835935e+00
3.315508021390374128e-07 1.706186391156568671e+00
3.333333333333333006e-07 1.706692796338143969e+00
3.351351351351351100e-07 1.707686974104236866e+00
3.369565217391304264e-07 1.709188716544171927e+00
3.387978142076502339e-07 1.711079695849154980e+00
3.406593406593406329e-07 1.713489450286742155e+00
3.425414364640883624e-07 1.716188506248524703e+00
3.444444444444444406e-07 1.719423411782837752e+00
3.463687150837988700e-07 1.722839962798081270e+00
3.483146067415730102e-07 1.726705595961413930e+00
3.502824858757062287e-07 1.730886563409335777e+00
3.522727272727272544e-07 1.735408622901752240e+00
3.542857142857142667e-07 1.740276324712597411e+00
3.563218390804597698e-07 1.745494082624711840e+00
3.583815028901734000e-07 1.751189864991121503e+00
3.604651162790697905e-07 1.757120217513177929e+00
3.625730994152046604e-07 1.763529088729366867e+00
3.647058823529411911e-07 1.770419540221044308e+00
3.668639053254437911e-07 1.777657146206629735e+00
3.690476190476190586e-07 1.785346020501191289e+00
3.712574850299401128e-07 1.793495489627275674e+00
3.734939759036144945e-07 1.802185824937860836e+00
3.757575757575757486e-07 1.811295950597141324e+00
3.780487804878048932e-07 1.820919103469186728e+00
3.803680981595092145e-07 1.831033203070205673e+00
3.827160493827159981e-07 1.841601357071907197e+00
3.850931677018633218e-07 1.852720512930275731e+00
3.874999999999999957e-07 1.864239997872099153e+00
3.899371069182389774e-07 1.876352187280280415e+00
3.924050632911392422e-07 1.888898407010008995e+00
3.949044585987260799e-07 1.901839682987858993e+00
3.974358974358974315e-07 1.915239548870514286e+00
3.999999999999999819e-07 1.929057807621668452e+00
4.025974025974025613e-07 1.943355669151235920e+00
4.052287581699346391e-07 1.957956142386356069e+00
4.078947368421052363e-07 1.972927989478171273e+00
4.105960264900662322e-07 1.988436895364880774e+00
4.133333333333333287e-07 2.004216101680030615e+00
4.161073825503355875e-07 2.020451778875461013e+00
4.189189189189189271e-07 2.037441980154451215e+00
4.217687074829931872e-07 2.055249127626403993e+00
4.246575342465753610e-07 2.074583506303130154e+00
4.275862068965517449e-07 2.095837202280490974e+00
4.305555555555555508e-07 2.118762011893308372e+00
4.335664335664336049e-07 2.142082518364955224e+00
4.366197183098591948e-07 2.162541813280844938e+00
4.397163120567375872e-07 2.175439893195993957e+00
4.428571428571428598e-07 2.176122542210373378e+00
4.460431654676259084e-07 2.161623067605688231e+00
4.492753623188405862e-07 2.132525870356168696e+00
4.525547445255474313e-07 2.092429831766013937e+00
4.558823529411764095e-07 2.046458530751062543e+00
4.592592592592592189e-07 2.000070032049310775e+00
4.626865671641790828e-07 1.957283424049179432e+00
4.661654135338345558e-07 1.920641856245597801e+00
4.696969696969696725e-07 1.891388300504437181e+00
4.732824427480915889e-07 1.869777084476426765e+00
4.769230769230769178e-07 1.855379536328187529e+00
4.806201550387596501e-07 1.847036021392183702e+00
4.843750000000000211e-07 1.841678020262825122e+00
4.881889763779527422e-07 1.832037348128599863e+00
4.920634920634920429e-07 1.806602226306513570e+00
4.959999999999999945e-07 1.753364975443325813e+00
4.999999999999999774e-07 1.667738812183851005e+00
5.040650406504065243e-07 1.558264433438211860e+00
5.081967213114754302e-07 1.442362539504614904e+00
5.123966942148760930e-07 1.335833834174977364e+00
5.166666666666666609e-07 1.245433155234389799e+00
5.210084033613445285e-07 1.169684111354679423e+00
5.254237288135593431e-07 1.104653699132482458e+00
5.299145299145299086e-07 1.047125663704178367e+00
5.344827586206897077e-07 9.954731715482499910e-01
5.391304347826087035e-07 9.488603448537655805e-01
5.438596491228070171e-07 9.067742483603468129e-01
5.486725663716814914e-07 8.687286681993380277e-01
5.535714285714285350e-07 8.343214128492406623e-01
5.585585585585584637e-07 8.032158606444789184e-01
5.636363636363635435e-07 7.749981387876169192e-01
5.688073394495412480e-07 7.493873450160093430e-01
5.740740740740739971e-07 7.260914250953661719e-01
5.794392523364485729e-07 7.047786364823237504e-01
5.849056603773584661e-07 6.852170156675140289e-01
5.904761904761904091e-07 6.671844565357384349e-01
5.961538461538461472e-07 6.504581243881478736e-01
6.019417475728154934e-07 6.348454004819480412e-01
6.078431372549019852e-07 6.201931293851109528e-01
6.138613861386138357e-07 6.063458059939084155e-01
6.199999999999999931e-07 5.932123262321854495e-01
6.262626262626262653e-07 5.806788532391349289e-01
6.326530612244897543e-07 5.686906619784618533e-01
6.391752577319587405e-07 5.571777155428502271e-01
6.458333333333333262e-07 5.461198590175868617e-01
6.526315789473684417e-07 5.355036395005555727e-01
6.595744680851064072e-07 5.252848954913852397e-01
6.666666666666666012e-07 5.154724542764297368e-01
6.739130434782608529e-07 5.060431674755380138e-01
6.813186813186812657e-07 4.969908846063754715e-01
6.888888888888888812e-07 4.882834429820612776e-01
6.966292134831460204e-07 4.799008882997471970e-01
7.045454545454545088e-07 4.718646840116669239e-01
7.126436781609195396e-07 4.641248577369175843e-01
7.209302325581395811e-07 4.567019401494039621e-01
7.294117647058823822e-07 4.495454562369948781e-01
7.380952380952381173e-07 4.426488631462380807e-01
7.469879518072289890e-07 4.360287761256039230e-01
7.560975609756097864e-07 4.296340936372731734e-01
7.654320987654319962e-07 4.234419347803782263e-01
7.749999999999999914e-07 4.174984278867082121e-01
7.848101265822784844e-07 4.117235397353399273e-01
7.948717948717948630e-07 4.061479329142386741e-01
8.051948051948051226e-07 4.007473649108263536e-01
8.157894736842104727e-07 3.954963607201896214e-01
8.266666666666666575e-07 3.903847309171599722e-01
8.378378378378378543e-07 3.854283543827736747e-01
8.493150684931507219e-07 3.805873557647566074e-01
8.611111111111111016e-07 3.758506258351437257e-01
8.732394366197183896e-07 3.712196545818557403e-01
8.857142857142857196e-07 3.666823781449120578e-01
8.985507246376811725e-07 3.622264948581863653e-01
9.117647058823528190e-07 3.578398018899591193e-01
9.253731343283581655e-07 3.534963362002841447e-01
9.393939393939393450e-07 3.492238335505920555e-01
9.538461538461538356e-07 3.449828336358311542e-01
9.687500000000000422e-07 3.407606789365490441e-01
9.841269841269840858e-07 3.365719781132844313e-01
9.999999999999999547e-07 3.324029118448703635e-01
1.016393442622950860e-06 3.282415665524424098e-01
1.033333333333333322e-06 3.240751342567542714e-01
1.050847457627118686e-06 3.199166410487801482e-01
1.068965517241379415e-06 3.157270653859654552e-01
1.087719298245614034e-06 3.115328558432983730e-01
1.107142857142857070e-06 3.073206987458635409e-01
1.127272727272727087e-06 3.030794312133488488e-01
1.148148148148147994e-06 2.987961419121986095e-01
1.169811320754716932e-06 2.944804737130726213e-01
1.192307692307692294e-06 2.901239163374405017e-01
1.215686274509803970e-06 2.857135686660635665e-01
1.239999999999999986e-06 2.812581468606659141e-01
1.265306122448979509e-06 2.767363040338349234e-01
1.291666666666666652e-06 2.721489890091816632e-01
1.319148936170212814e-06 2.674901152438161067e-01
1.347826086956521706e-06 2.627670555682649067e-01
1.377777777777777762e-06 2.579393173879180878e-01
1.409090909090909018e-06 2.530315617349290780e-01
1.441860465116279162e-06 2.479975081527742986e-01
1.476190476190476235e-06 2.428067113758970164e-01
1.512195121951219573e-06 2.372482225129245170e-01
1.549999999999999983e-06 2.308867136155285660e-01
1.589743589743589726e-06 2.231606116300313414e-01
1.631578947368420945e-06 2.139956860865128985e-01
1.675675675675675709e-06 2.043345691968606881e-01
1.722222222222222203e-06 1.955742697745296299e-01
1.771428571428571439e-06 1.884673627636750948e-01
1.823529411764705638e-06 1.826592821590398152e-01
1.878787878787878690e-06 1.774537759278575488e-01
1.937500000000000084e-06 1.723754930191767065e-01
1.999999999999999909e-06 1.672392257050202280e-01
2.066666666666666644e-06 1.620042186663214756e-01
2.137931034482758831e-06 1.566577124865353998e-01
2.214285714285714140e-06 1.511950453891535429e-01
2.296296296296295988e-06 1.456098718447338125e-01
2.384615384615384589e-06 1.399035389383345152e-01
2.479999999999999972e-06 1.340680745994524414e-01
2.583333333333333305e-06 1.281153975408848289e-01
2.695652173913043412e-06 1.220613986832005393e-01
2.818181818181818035e-06 1.159547299638140211e-01
2.952380952380952469e-06 1.097804051913850026e-01
3.099999999999999966e-06 1.016533874147004107e-01
3.263157894736841891e-06 7.802280062432377650e-02
3.444444444444444406e-06 3.306026951317429796e-02
3.647058823529411276e-06 6.074862668775212610e-03
3.875000000000000169e-06 1.134988529695191758e-03
4.133333333333333287e-06 4.710982102141729271e-04
4.428571428571428280e-06 2.051913504627352156e-04
4.769230769230769178e-06 8.043329339817113571e-05
5.166666666666666609e-06 2.815732744415299087e-05
5.636363636363636070e-06 8.769816074274464882e-06
6.199999999999999931e-06 2.422933595738029676e-06
