2.214003071428571482e-07 2.750000000000000000e+00
2.233949045045045152e-07 2.806249999999999911e+00
2.254257672727272695e-07 2.890000000000000124e+00
2.274938935779816610e-07 2.996250999999999998e+00
2.296003185185185310e-07 3.120000000000000107e+00
2.317461158878504687e-07 3.258751000000000175e+00
2.339324000000000282e-07 3.399999999999999911e+00
2.361603276190476107e-07 3.529374999999999929e+00
2.384311000000000180e-07 3.649999999999999911e+00
2.407459650485437322e-07 3.764998999999999985e+00
2.431062196078431847e-07 3.859999999999999876e+00
2.455132118811881022e-07 3.912500000000000089e+00
2.479683439999999912e-07 3.950000000000000178e+00
2.504730747474747851e-07 4.001875000000000071e+00
2.530289224489795980e-07 4.040000000000000036e+00
2.556374680412371158e-07 4.055623999999999896e+00
2.583003583333333573e-07 4.019999999999999574e+00
2.610193094736841957e-07 3.896875999999999785e+00
2.637961106382978675e-07 3.700000000000000178e+00
2.666326279569892584e-07 3.403751000000000193e+00
2.695308086956521966e-07 3.089999999999999858e+00
2.724926857142857046e-07 2.828751000000000015e+00
2.755203822222222477e-07 2.629999999999999893e+00
2.786161168539326482e-07 2.546250000000000124e+00
2.817822090909090737e-07 2.520000000000000018e+00
2.850210850574713036e-07 2.506250000000000089e+00
2.883352837209302174e-07 2.520000000000000018e+00
2.917274635294117793e-07 2.571874999999999911e+00
2.952004095238095663e-07 2.629999999999999893e+00
2.987570409638554328e-07 2.673750000000000071e+00
3.024004195121951513e-07 2.680000000000000160e+00
3.061337580246913570e-07 2.609375000000000000e+00
3.099604300000000287e-07 2.490000000000000213e+00
3.138839797468354446e-07 2.361250000000000071e+00
3.179081333333333221e-07 2.149999999999999911e+00
3.220368103896103926e-07 1.737999000000000072e+00
3.262741368421052711e-07 1.300000000000000044e+00
3.306244586666667079e-07 9.874380000000000379e-01
3.350923567567567992e-07 7.520000000000000018e-01
3.396826630136986471e-07 6.128130000000000521e-01
3.444004777777778097e-07 5.190000000000000169e-01
3.492511887323943986e-07 4.182500000000000107e-01
3.542404914285714690e-07 3.340000000000000191e-01
3.593744115942029111e-07 2.778129999999999766e-01
3.646593294117647241e-07 2.330000000000000127e-01
3.701020059701492714e-07 1.811869999999999870e-01
3.757096121212121512e-07 1.390000000000000124e-01
3.814897600000000924e-07 1.212499999999999967e-01
3.874505375000000359e-07 1.150000000000000050e-01
3.936005460317460531e-07 1.131609999999999977e-01
3.999489419354839405e-07 1.130000000000000032e-01
4.065054819672131290e-07 1.106720000000000065e-01
4.132805733333333187e-07 1.024169999999999942e-01
4.202853288135593233e-07 8.036000000000000087e-02
4.275316275862068759e-07 5.299999999999999850e-02
4.350321824561403968e-07 2.341100000000000125e-02
4.428006142857142965e-07 0.000000000000000000e+00
4.508515345454545391e-07 3.311999999999999840e-03
4.592006370370370619e-07 0.000000000000000000e+00
4.678648000000000563e-07 0.000000000000000000e+00
4.768622000000000360e-07 0.000000000000000000e+00
4.862124392156863694e-07 0.000000000000000000e+00
4.959366879999999824e-07 0.000000000000000000e+00
5.060578448979591960e-07 0.000000000000000000e+00
5.166007166666667145e-07 0.000000000000000000e+00
5.275922212765957350e-07 0.000000000000000000e+00
5.390616173913043932e-07 0.000000000000000000e+00
5.510407644444444955e-07 0.000000000000000000e+00
5.635644181818180415e-07 0.000000000000000000e+00
5.766705674418604348e-07 0.000000000000000000e+00
5.904008190476191326e-07 0.000000000000000000e+00
6.048008390243903025e-07 0.000000000000000000e+00
6.199208600000000574e-07 0.000000000000000000e+00
6.358162666666666441e-07 0.000000000000000000e+00
6.525482736842105422e-07 0.000000000000000000e+00
6.701847135135135985e-07 0.000000000000000000e+00
6.888009555555556194e-07 0.000000000000000000e+00
7.084809828571428320e-07 0.000000000000000000e+00
7.293186588235294482e-07 0.000000000000000000e+00
7.514192242424243024e-07 0.000000000000000000e+00
7.749010750000000718e-07 0.000000000000000000e+00
7.998978838709678809e-07 0.000000000000000000e+00
8.265611466666666374e-07 0.000000000000000000e+00
8.550632551724137518e-07 0.000000000000000000e+00
8.856012285714285930e-07 0.000000000000000000e+00
9.184012740740740180e-07 0.000000000000000000e+00
9.537244000000000721e-07 0.000000000000000000e+00
9.918733759999999648e-07 0.000000000000000000e+00
1.033201433333333429e-06 0.000000000000000000e+00
1.078123234782608786e-06 0.000000000000000000e+00
1.127128836363636083e-06 0.000000000000000000e+00
1.180801638095238265e-06 0.000000000000000000e+00
1.239841719999999903e-06 0.000000000000000000e+00
1.305096547368421084e-06 0.000000000000000000e+00
1.377601911111111239e-06 0.000000000000000000e+00
1.458637317647058896e-06 0.000000000000000000e+00
1.549802149999999932e-06 0.000000000000000000e+00
1.653122293333333275e-06 0.000000000000000000e+00
1.771202457142857186e-06 0.000000000000000000e+00
1.907448799999999721e-06 0.000000000000000000e+00
2.066402866666666858e-06 0.000000000000000000e+00
2.254257672727272166e-06 0.000000000000000000e+00
2.479683439999999806e-06 0.000000000000000000e+00
