2.066399999999999904e-07 2.854400000000000048e+00
2.076699999999999935e-07 2.876900000000000013e+00
2.086999999999999966e-07 2.900300000000000100e+00
2.097499999999999920e-07 2.924700000000000077e+00
2.108099999999999974e-07 2.950000000000000178e+00
2.118800000000000128e-07 2.976399999999999935e+00
2.129500000000000004e-07 3.003899999999999793e+00
2.140400000000000080e-07 3.032500000000000195e+00
2.151500000000000079e-07 3.062399999999999789e+00
2.162600000000000078e-07 3.093599999999999905e+00
2.173799999999999899e-07 3.126199999999999868e+00
2.185199999999999920e-07 3.160299999999999887e+00
2.196700000000000041e-07 3.195800000000000196e+00
2.208299999999999985e-07 3.232899999999999885e+00
2.220000000000000029e-07 3.271500000000000075e+00
2.231799999999999895e-07 3.311799999999999855e+00
2.243799999999999961e-07 3.353699999999999903e+00
2.255900000000000127e-07 3.397100000000000009e+00
2.268100000000000116e-07 3.441800000000000193e+00
2.280500000000000027e-07 3.487800000000000011e+00
2.293000000000000038e-07 3.534699999999999953e+00
2.305699999999999972e-07 3.582100000000000062e+00
2.318399999999999905e-07 3.629199999999999982e+00
2.331399999999999861e-07 3.675399999999999778e+00
2.344400000000000095e-07 3.719399999999999817e+00
2.357700000000000073e-07 3.759900000000000020e+00
2.371000000000000052e-07 3.795100000000000140e+00
2.384499999999999953e-07 3.822799999999999976e+00
2.398200000000000054e-07 3.840700000000000003e+00
2.411999999999999977e-07 3.846200000000000063e+00
2.426000000000000101e-07 3.836800000000000210e+00
2.440199999999999869e-07 3.810400000000000009e+00
2.454500000000000015e-07 3.765699999999999825e+00
2.469000000000000083e-07 3.702599999999999891e+00
2.483700000000000074e-07 3.622300000000000075e+00
2.498499999999999888e-07 3.527600000000000069e+00
2.513500000000000179e-07 3.422200000000000131e+00
2.528699999999999837e-07 3.310500000000000220e+00
2.544100000000000250e-07 3.197000000000000064e+00
2.559699999999999753e-07 3.085599999999999898e+00
2.575500000000000012e-07 2.979499999999999815e+00
2.591399999999999815e-07 2.880700000000000038e+00
2.607599999999999918e-07 2.790700000000000180e+00
2.623900000000000121e-07 2.709999999999999964e+00
2.640500000000000069e-07 2.638500000000000068e+00
2.657300000000000217e-07 2.575899999999999856e+00
2.674300000000000010e-07 2.521599999999999842e+00
2.691500000000000004e-07 2.474699999999999900e+00
2.708900000000000197e-07 2.434600000000000097e+00
2.726600000000000135e-07 2.400300000000000100e+00
2.744500000000000273e-07 2.371199999999999974e+00
2.762600000000000056e-07 2.346499999999999808e+00
2.781000000000000139e-07 2.325600000000000112e+00
2.799599999999999866e-07 2.307900000000000063e+00
2.818499999999999894e-07 2.293000000000000149e+00
2.837600000000000122e-07 2.280299999999999994e+00
2.857000000000000095e-07 2.269400000000000084e+00
2.876600000000000268e-07 2.260099999999999998e+00
2.896599999999999731e-07 2.251900000000000013e+00
2.916799999999999948e-07 2.244600000000000151e+00
2.937199999999999811e-07 2.237999999999999989e+00
2.958000000000000074e-07 2.231700000000000017e+00
2.979100000000000081e-07 2.225600000000000023e+00
3.000499999999999834e-07 2.219399999999999817e+00
3.022199999999999886e-07 2.212899999999999867e+00
3.044200000000000239e-07 2.205900000000000194e+00
3.066499999999999782e-07 2.198199999999999932e+00
3.089100000000000179e-07 2.189400000000000013e+00
3.112099999999999866e-07 2.179399999999999782e+00
3.135399999999999854e-07 2.167800000000000171e+00
3.159100000000000241e-07 2.154199999999999893e+00
3.183199999999999918e-07 2.138100000000000112e+00
3.207599999999999896e-07 2.119099999999999984e+00
3.232400000000000273e-07 2.096400000000000041e+00
3.257599999999999940e-07 2.069599999999999884e+00
3.283099999999999907e-07 2.038800000000000168e+00
3.309099999999999819e-07 2.006800000000000139e+00
3.335500000000000131e-07 1.985800000000000010e+00
3.362299999999999733e-07 1.783199999999999896e+00
3.389599999999999835e-07 1.586899999999999977e+00
3.417299999999999782e-07 1.466800000000000104e+00
3.445400000000000129e-07 1.368300000000000072e+00
3.474099999999999966e-07 1.277400000000000091e+00
3.503200000000000203e-07 1.189300000000000024e+00
3.532799999999999829e-07 1.101799999999999891e+00
3.562899999999999956e-07 1.013900000000000023e+00
3.593500000000000028e-07 9.248499999999999499e-01
3.624600000000000044e-07 8.342100000000000071e-01
3.656300000000000106e-07 6.730500000000000371e-01
3.688600000000000212e-07 5.793800000000000061e-01
3.721400000000000263e-07 4.832899999999999974e-01
3.754799999999999804e-07 3.846200000000000174e-01
3.788799999999999946e-07 2.832299999999999818e-01
3.823500000000000232e-07 2.121300000000000130e-01
3.858800000000000008e-07 2.092799999999999938e-01
3.894699999999999829e-07 2.059600000000000042e-01
3.931299999999999795e-07 2.021499999999999964e-01
3.968599999999999905e-07 1.978100000000000136e-01
4.006600000000000161e-07 1.928799999999999959e-01
4.045400000000000107e-07 1.872900000000000120e-01
4.084900000000000198e-07 1.809699999999999920e-01
4.125199999999999978e-07 1.737900000000000000e-01
4.166300000000000003e-07 1.656100000000000072e-01
4.208200000000000274e-07 1.561700000000000033e-01
4.250999999999999779e-07 1.451300000000000090e-01
4.294700000000000184e-07 1.317899999999999905e-01
4.339199999999999724e-07 1.142699999999999966e-01
4.384700000000000264e-07 8.985999999999999543e-02
4.431200000000000139e-07 7.714899999999999536e-02
4.478599999999999803e-07 5.973300000000000137e-02
4.527100000000000013e-07 1.846700000000000078e-02
4.576700000000000212e-07 1.682000000000000162e-02
4.627299999999999747e-07 1.512200000000000003e-02
4.679099999999999926e-07 1.344799999999999988e-02
4.732000000000000095e-07 1.181699999999999938e-02
4.786199999999999899e-07 1.024199999999999937e-02
4.841599999999999793e-07 8.733400000000000538e-03
4.898299999999999876e-07 7.303099999999999870e-03
4.956400000000000250e-07 5.962000000000000285e-03
5.015800000000000258e-07 4.721999999999999635e-03
5.076699999999999546e-07 3.595199999999999785e-03
5.139099999999999779e-07 2.594500000000000018e-03
5.202999999999999847e-07 1.733900000000000025e-03
5.268599999999999950e-07 1.028000000000000051e-03
5.335800000000000542e-07 4.926200000000000370e-04
5.404799999999999605e-07 1.446899999999999987e-04
5.475600000000000467e-07 2.412800000000000006e-06
5.548199999999999799e-07 0.000000000000000000e+00
5.622800000000000020e-07 0.000000000000000000e+00
5.699400000000000022e-07 0.000000000000000000e+00
5.778200000000000003e-07 0.000000000000000000e+00
5.859100000000000419e-07 0.000000000000000000e+00
5.942399999999999904e-07 0.000000000000000000e+00
6.028099999999999570e-07 0.000000000000000000e+00
6.116200000000000525e-07 0.000000000000000000e+00
6.207000000000000295e-07 0.000000000000000000e+00
6.300499999999999989e-07 0.000000000000000000e+00
6.396899999999999809e-07 0.000000000000000000e+00
6.496300000000000407e-07 0.000000000000000000e+00
6.598800000000000221e-07 0.000000000000000000e+00
6.704599999999999449e-07 0.000000000000000000e+00
6.813799999999999857e-07 0.000000000000000000e+00
6.926700000000000079e-07 0.000000000000000000e+00
7.043300000000000116e-07 0.000000000000000000e+00
7.164000000000000368e-07 0.000000000000000000e+00
7.288900000000000379e-07 0.000000000000000000e+00
7.418200000000000349e-07 0.000000000000000000e+00
7.552100000000000479e-07 0.000000000000000000e+00
7.691000000000000059e-07 0.000000000000000000e+00
7.835100000000000398e-07 0.000000000000000000e+00
7.984700000000000131e-07 0.000000000000000000e+00
8.140199999999999658e-07 0.000000000000000000e+00
8.301800000000000290e-07 0.000000000000000000e+00
8.469900000000000206e-07 0.000000000000000000e+00
8.645000000000000462e-07 0.000000000000000000e+00
8.827500000000000346e-07 0.000000000000000000e+00
9.017899999999999805e-07 0.000000000000000000e+00
9.216600000000000348e-07 0.000000000000000000e+00
9.424299999999999899e-07 0.000000000000000000e+00
9.641600000000000170e-07 0.000000000000000000e+00
9.869099999999999540e-07 0.000000000000000000e+00
1.010799999999999921e-06 0.000000000000000000e+00
1.035800000000000054e-06 0.000000000000000000e+00
1.062100000000000044e-06 0.000000000000000000e+00
