2.399999999999999786e-07 1.643453000000000053e+00
2.449999999999999836e-07 1.926557999999999993e+00
2.499999999999999887e-07 2.582688999999999790e+00
2.549999999999999938e-07 3.053440000000000154e+00
2.599999999999999988e-07 3.451633000000000173e+00
2.650000000000000039e-07 3.630631999999999859e+00
2.700000000000000090e-07 3.769000000000000128e+00
2.750000000000000140e-07 3.899687000000000126e+00
2.799999999999999662e-07 3.994867000000000168e+00
2.849999999999999712e-07 3.991436999999999902e+00
2.899999999999999763e-07 3.909460999999999853e+00
2.949999999999999814e-07 3.810000000000000053e+00
2.999999999999999864e-07 3.729438000000000031e+00
3.049999999999999915e-07 3.653652000000000122e+00
3.099999999999999966e-07 3.600999999999999979e+00
3.150000000000000016e-07 3.558463000000000154e+00
3.200000000000000067e-07 3.526495999999999853e+00
3.250000000000000118e-07 3.504331000000000085e+00
3.299999999999999639e-07 3.491706000000000198e+00
3.349999999999999690e-07 3.484999999999999876e+00
3.399999999999999740e-07 3.486749999999999794e+00
3.449999999999999791e-07 3.497472999999999832e+00
3.499999999999999842e-07 3.513319000000000081e+00
3.549999999999999892e-07 3.536131999999999831e+00
3.599999999999999943e-07 3.564197000000000060e+00
3.649999999999999994e-07 3.596000000000000085e+00
3.700000000000000044e-07 3.642250000000000210e+00
3.750000000000000095e-07 3.695354000000000028e+00
3.799999999999999616e-07 3.782576999999999856e+00
3.849999999999999667e-07 3.888917000000000179e+00
3.899999999999999718e-07 4.027629000000000126e+00
3.949999999999999768e-07 4.199895999999999852e+00
3.999999999999999819e-07 4.373000000000000220e+00
4.049999999999999870e-07 4.423690999999999818e+00
4.099999999999999920e-07 4.460519999999999818e+00
4.149999999999999971e-07 4.579354999999999620e+00
4.199999999999999492e-07 4.794813000000000436e+00
4.249999999999999543e-07 4.976726000000000205e+00
4.299999999999999594e-07 5.068722000000000172e+00
4.349999999999999644e-07 5.056000000000000050e+00
4.399999999999999695e-07 5.003200999999999787e+00
4.449999999999999746e-07 4.929679000000000144e+00
4.499999999999999267e-07 4.850076999999999749e+00
4.549999999999999318e-07 4.762076000000000420e+00
4.599999999999999368e-07 4.680136000000000074e+00
4.649999999999999419e-07 4.618790999999999869e+00
4.699999999999999470e-07 4.564363000000000170e+00
4.749999999999999520e-07 4.511980999999999575e+00
4.799999999999999571e-07 4.462552999999999770e+00
4.850000000000000151e-07 4.416548999999999836e+00
4.899999999999999672e-07 4.376225999999999949e+00
4.950000000000000252e-07 4.339944000000000024e+00
4.999999999999999774e-07 4.304923999999999751e+00
5.049999999999999295e-07 4.271910000000000096e+00
5.099999999999999875e-07 4.242378000000000426e+00
5.149999999999999396e-07 4.215349999999999930e+00
5.199999999999999976e-07 4.189449999999999896e+00
5.249999999999999498e-07 4.164428000000000019e+00
5.300000000000000078e-07 4.140399000000000385e+00
5.349999999999998540e-07 4.117397999999999669e+00
5.400000000000000179e-07 4.095881000000000327e+00
5.449999999999998642e-07 4.076223999999999847e+00
5.500000000000000281e-07 4.057991999999999599e+00
5.549999999999998743e-07 4.041076999999999586e+00
5.600000000000000382e-07 4.025180999999999898e+00
5.649999999999998844e-07 4.009953999999999574e+00
5.700000000000000483e-07 3.995023999999999909e+00
5.749999999999998946e-07 3.980582000000000065e+00
5.800000000000000585e-07 3.966482000000000063e+00
5.849999999999999047e-07 3.952866999999999909e+00
5.900000000000000686e-07 3.939999999999999947e+00
5.949999999999999148e-07 3.928552999999999962e+00
5.999999999999999728e-07 3.917858999999999980e+00
6.049999999999999250e-07 3.907687000000000133e+00
6.099999999999999830e-07 3.897435999999999900e+00
6.149999999999999351e-07 3.887523999999999980e+00
6.199999999999999931e-07 3.878000000000000114e+00
6.249999999999999452e-07 3.869006000000000167e+00
6.300000000000000033e-07 3.860435999999999979e+00
6.349999999999999554e-07 3.852272999999999836e+00
6.400000000000000134e-07 3.844507999999999814e+00
6.449999999999999655e-07 3.837114000000000136e+00
6.500000000000000235e-07 3.830068999999999946e+00
6.549999999999999757e-07 3.823345000000000216e+00
6.599999999999999278e-07 3.816920000000000091e+00
6.649999999999999858e-07 3.810789999999999900e+00
6.699999999999999379e-07 3.804937999999999931e+00
6.749999999999999959e-07 3.799528000000000016e+00
6.799999999999999481e-07 3.794294999999999973e+00
6.850000000000000061e-07 3.789137999999999895e+00
6.899999999999999582e-07 3.783881000000000050e+00
6.950000000000000162e-07 3.778239000000000125e+00
6.999999999999999683e-07 3.772565000000000168e+00
7.050000000000000263e-07 3.766915000000000013e+00
7.099999999999999785e-07 3.761430999999999969e+00
7.150000000000000365e-07 3.756186000000000025e+00
7.199999999999999886e-07 3.751044999999999963e+00
7.249999999999999407e-07 3.745992000000000210e+00
7.299999999999999987e-07 3.740984999999999783e+00
7.349999999999999509e-07 3.735949000000000186e+00
7.400000000000000089e-07 3.730989000000000111e+00
7.449999999999999610e-07 3.726123999999999992e+00
7.500000000000000190e-07 3.721372999999999820e+00
7.549999999999999711e-07 3.716772999999999882e+00
7.599999999999999233e-07 3.712324999999999875e+00
7.649999999999999813e-07 3.708038000000000167e+00
7.699999999999999334e-07 3.703926000000000052e+00
7.749999999999999914e-07 3.700000000000000178e+00
7.799999999999999435e-07 3.696474999999999955e+00
7.850000000000000015e-07 3.693115000000000148e+00
7.899999999999999537e-07 3.689878999999999909e+00
7.950000000000000117e-07 3.686729000000000145e+00
7.999999999999999638e-07 3.683625000000000149e+00
8.050000000000000218e-07 3.680496000000000212e+00
8.099999999999999739e-07 3.677341999999999889e+00
8.150000000000000319e-07 3.674129999999999896e+00
8.199999999999998782e-07 3.670830000000000037e+00
8.249999999999999362e-07 3.667409000000000141e+00
8.299999999999998883e-07 3.663691000000000031e+00
8.349999999999999463e-07 3.659717999999999805e+00
8.399999999999998985e-07 3.655603999999999854e+00
