[0.000]
file = 0.000_Strained_InGaAs_n.txt
1 = 2.397701971058378e-07 1.643453
2 = 2.5091434889292436e-07 2.6687751311386063
3 = 2.6091079489735766e-07 3.4842392751664235
4 = 2.8304578247860277e-07 3.9927775932196785
5 = 3.2850581073685886e-07 3.4954788278894315
6 = 4.003850177211172e-07 4.3769033866602305
7 = 4.091914106297845e-07 4.454564092416867
8 = 4.301363451152638e-07 5.068375083488723
9 = 4.5964966189025725e-07 4.685877340942464
10 = 5.80249417521334e-07 3.965802836089408
11 = 8.398189512453172e-07 3.655752966915353

[0.100]
file = 0.100_Strained_InGaAs_n.txt
1 = 2.397701971058378e-07 1.695632
2 = 2.516283807503839e-07 2.6614401617187067
3 = 2.61386816135664e-07 3.4735789757055953
4 = 2.8399782495521546e-07 3.9933137180471325
5 = 3.401683310753644e-07 3.5079888396916186
6 = 4.039551770084148e-07 4.189583621895903
7 = 4.2609016458965985e-07 4.488618532976771
8 = 4.4251289731122885e-07 4.961830087166537
9 = 4.725022353245286e-07 4.627013437917303
10 = 5.80249417521334e-07 3.961760725092148
11 = 8.405379804246079e-07 3.634122

[0.200]
file = 0.200_Strained_InGaAs_n.txt
1 = 2.453444679550775e-07 2.018242535784303
2 = 2.530564444653029e-07 2.6374181686456115
3 = 2.62814879850583e-07 3.435832437456185
4 = 2.8304578247860277e-07 3.899390765501357
5 = 3.45166554077581e-07 3.433792419692874
6 = 4.068113044382529e-07 4.003578536651571
7 = 4.244240902555877e-07 4.1374884397971
8 = 4.553654707455002e-07 4.862424975498494
9 = 4.86782872473719e-07 4.516092699487354
10 = 5.80249417521334e-07 3.9544219338291717
11 = 8.405379804246079e-07 3.601192

[0.240]
file = 0.240_Strained_InGaAs_n.txt
1 = 2.397701971058378e-07 1.8122
2 = 2.532944550844561e-07 2.6264756038388937
3 = 2.640049329463489e-07 3.4402949901916644
4 = 2.828077718594496e-07 3.8587496897481466
5 = 3.446905328392746e-07 3.408232887733208
6 = 4.077633469148656e-07 3.93200994749544
7 = 4.2537613273220033e-07 4.049081929695399
8 = 4.6083971498602307e-07 4.809056402758983
9 = 5.015395308612158e-07 4.40301370965575
10 = 5.80249417521334e-07 3.960546992077038
11 = 8.407776568177049e-07 3.5991

