2.250000000000000163e-07 2.672843999999999998e+00
2.300000000000000214e-07 2.682450999999999919e+00
2.350000000000000264e-07 2.694522999999999779e+00
2.400000000000000315e-07 2.730650999999999939e+00
2.450000000000000366e-07 2.797111999999999821e+00
2.500000000000000416e-07 2.889899000000000218e+00
2.549999999999999938e-07 3.002886000000000166e+00
2.599999999999999988e-07 3.131241999999999859e+00
2.650000000000000039e-07 3.271541000000000032e+00
2.700000000000000090e-07 3.420694999999999819e+00
2.750000000000000140e-07 3.574787000000000159e+00
2.800000000000000191e-07 3.726138999999999868e+00
2.850000000000000242e-07 3.862766999999999840e+00
2.900000000000000292e-07 3.965403999999999929e+00
2.950000000000000343e-07 4.008994999999999642e+00
3.000000000000000394e-07 3.969968000000000163e+00
3.050000000000000444e-07 3.843151000000000206e+00
3.099999999999999966e-07 3.652092000000000116e+00
3.150000000000000016e-07 3.439993999999999996e+00
3.200000000000000067e-07 3.245938000000000212e+00
3.250000000000000118e-07 3.088865000000000194e+00
3.300000000000000168e-07 2.967518000000000100e+00
3.350000000000000219e-07 2.869270000000000209e+00
3.400000000000000270e-07 2.780532000000000004e+00
3.450000000000000320e-07 2.694290000000000074e+00
3.500000000000000371e-07 2.611620999999999970e+00
3.550000000000000422e-07 2.537659000000000109e+00
3.600000000000000472e-07 2.476389999999999869e+00
3.649999999999999994e-07 2.427954000000000168e+00
3.700000000000000044e-07 2.388923999999999825e+00
3.750000000000000095e-07 2.354363999999999901e+00
3.800000000000000146e-07 2.320352999999999888e+00
3.850000000000000196e-07 2.285703999999999958e+00
3.900000000000000247e-07 2.251958999999999822e+00
3.950000000000000298e-07 2.221989999999999910e+00
4.000000000000000348e-07 2.198434000000000221e+00
4.050000000000000399e-07 2.182900000000000063e+00
4.100000000000000450e-07 2.175959000000000199e+00
4.150000000000000500e-07 2.177487999999999868e+00
4.200000000000000022e-07 2.187043000000000070e+00
4.250000000000000072e-07 2.204096999999999973e+00
4.300000000000000123e-07 2.228148000000000017e+00
4.350000000000000174e-07 2.258690000000000087e+00
4.400000000000000224e-07 2.295069999999999943e+00
4.450000000000000275e-07 2.336898999999999837e+00
4.500000000000000326e-07 2.380949999999999900e+00
4.550000000000000376e-07 2.424497000000000124e+00
4.600000000000000427e-07 2.462276999999999827e+00
4.650000000000000478e-07 2.487099999999999866e+00
4.700000000000000528e-07 2.491009000000000029e+00
4.750000000000000050e-07 2.467963999999999825e+00
4.800000000000000630e-07 2.417078000000000060e+00
4.850000000000000151e-07 2.344087000000000032e+00
4.900000000000000731e-07 2.259457999999999966e+00
4.950000000000000252e-07 2.174859999999999793e+00
5.000000000000000833e-07 2.097955999999999932e+00
5.050000000000000354e-07 2.034133999999999887e+00
5.099999999999999875e-07 1.985220999999999902e+00
5.150000000000000455e-07 1.951057000000000041e+00
5.199999999999999976e-07 1.930444999999999967e+00
5.250000000000000557e-07 1.921732999999999913e+00
5.300000000000000078e-07 1.922924999999999995e+00
5.350000000000000658e-07 1.932296999999999931e+00
5.400000000000000179e-07 1.947376999999999914e+00
5.450000000000000759e-07 1.965456000000000092e+00
5.500000000000000281e-07 1.983279000000000014e+00
5.550000000000000861e-07 1.997020999999999935e+00
5.600000000000000382e-07 2.002454000000000178e+00
5.649999999999999903e-07 1.995363999999999916e+00
5.700000000000000483e-07 1.972212999999999994e+00
5.750000000000000004e-07 1.930876999999999954e+00
5.800000000000000585e-07 1.871216999999999908e+00
5.850000000000000106e-07 1.795195000000000096e+00
5.900000000000000686e-07 1.706468000000000096e+00
5.950000000000000207e-07 1.609596000000000027e+00
6.000000000000000787e-07 1.509177999999999908e+00
6.050000000000000309e-07 1.409183000000000074e+00
6.100000000000000889e-07 1.312624000000000013e+00
6.150000000000000410e-07 1.221491000000000104e+00
6.199999999999999931e-07 1.136899000000000104e+00
6.250000000000000511e-07 1.059288000000000007e+00
6.300000000000000033e-07 9.886359999999999593e-01
6.350000000000000613e-07 9.246299999999999519e-01
6.400000000000000134e-07 8.668000000000000149e-01
6.450000000000000714e-07 8.146050000000000235e-01
6.500000000000000235e-07 7.674870000000000303e-01
6.550000000000000815e-07 7.249100000000000543e-01
6.600000000000000337e-07 6.863759999999999861e-01
6.650000000000000917e-07 6.514290000000000358e-01
6.700000000000000438e-07 6.196629999999999638e-01
6.749999999999999959e-07 5.907189999999999941e-01
6.800000000000000539e-07 5.642789999999999750e-01
6.850000000000000061e-07 5.400639999999999885e-01
6.900000000000000641e-07 5.178289999999999837e-01
6.950000000000000162e-07 4.973620000000000263e-01
7.000000000000000742e-07 4.784749999999999837e-01
7.050000000000000263e-07 4.610029999999999961e-01
7.100000000000000843e-07 4.448050000000000059e-01
7.150000000000000365e-07 4.295430000000000081e-01
7.200000000000000945e-07 4.155340000000000145e-01
7.250000000000000466e-07 4.024599999999999844e-01
7.299999999999999987e-07 3.902349999999999985e-01
7.350000000000000567e-07 3.787820000000000076e-01
7.400000000000000089e-07 3.680320000000000258e-01
7.450000000000000669e-07 3.579249999999999932e-01
7.500000000000000190e-07 3.484059999999999935e-01
7.550000000000000770e-07 3.394260000000000055e-01
7.600000000000000291e-07 3.309420000000000139e-01
7.650000000000000871e-07 3.229150000000000076e-01
7.700000000000000393e-07 3.153090000000000059e-01
7.750000000000000973e-07 3.080919999999999770e-01
7.800000000000000494e-07 3.012369999999999770e-01
7.850000000000000015e-07 2.947159999999999780e-01
7.900000000000000595e-07 2.885059999999999847e-01
7.950000000000000117e-07 2.825849999999999751e-01
8.000000000000000697e-07 2.769340000000000135e-01
8.050000000000000218e-07 2.715339999999999976e-01
8.100000000000000798e-07 2.663699999999999957e-01
8.150000000000000319e-07 2.614259999999999917e-01
8.200000000000000899e-07 2.566880000000000273e-01
8.250000000000000421e-07 2.521439999999999793e-01
