2.066402866666666593e-07 2.471999999999999975e+00
2.083767596638655528e-07 2.520922000000000107e+00
2.101426644067796352e-07 2.556999999999999940e+00
2.119387555555555569e-07 2.591000000000000192e+00
2.137658137931034115e-07 2.625000000000000000e+00
2.156246469565217361e-07 2.665188000000000113e+00
2.175160912280701454e-07 2.709999999999999964e+00
2.194410123893804932e-07 2.760250000000000092e+00
2.214003071428571218e-07 2.814999999999999947e+00
2.233949045045044887e-07 2.873124999999999929e+00
2.254257672727272695e-07 2.935999999999999943e+00
2.274938935779816346e-07 3.004062999999999928e+00
2.296003185185185045e-07 3.079000000000000181e+00
2.317461158878504423e-07 3.161624999999999908e+00
2.339323999999999488e-07 3.254999999999999893e+00
2.361603276190476107e-07 3.361063000000000134e+00
2.384310999999999651e-07 3.483999999999999986e+00
2.407459650485436792e-07 3.635749000000000120e+00
2.431062196078430788e-07 3.794999999999999929e+00
2.455132118811881022e-07 3.961249000000000020e+00
2.479683439999999912e-07 4.083999999999999631e+00
2.504730747474747322e-07 4.100875000000000270e+00
2.530289224489795980e-07 4.046999999999999709e+00
2.556374680412370629e-07 3.926061999999999941e+00
2.583003583333333573e-07 3.770000000000000018e+00
2.610193094736841957e-07 3.611374999999999780e+00
2.637961106382978146e-07 3.451999999999999957e+00
2.666326279569892054e-07 3.306251000000000051e+00
2.695308086956521436e-07 3.169000000000000039e+00
2.724926857142857046e-07 3.048563000000000134e+00
2.755203822222222477e-07 2.919000000000000039e+00
2.786161168539325952e-07 2.744311999999999863e+00
2.817822090909090208e-07 2.563000000000000167e+00
2.850210850574713036e-07 2.401187000000000182e+00
2.883352837209301645e-07 2.259999999999999787e+00
2.917274635294117793e-07 2.151813000000000198e+00
2.952004095238095133e-07 2.068999999999999950e+00
2.987570409638554328e-07 2.010124999999999940e+00
3.024004195121951513e-07 1.969000000000000083e+00
3.061337580246913040e-07 1.939249999999999918e+00
3.099604299999999758e-07 1.919999999999999929e+00
3.138839797468353917e-07 1.908625000000000016e+00
3.179081333333333221e-07 1.903999999999999915e+00
3.220368103896103926e-07 1.904125000000000068e+00
3.262741368421052711e-07 1.909000000000000030e+00
3.306244586666666549e-07 1.918187000000000086e+00
3.350923567567567463e-07 1.931000000000000050e+00
3.396826630136985942e-07 1.946374999999999966e+00
3.444004777777777567e-07 1.965000000000000080e+00
3.492511887323943456e-07 1.987187999999999954e+00
3.542404914285714160e-07 2.012999999999999901e+00
3.593744115942028582e-07 2.042124999999999968e+00
3.646593294117646712e-07 2.076000000000000068e+00
3.701020059701492185e-07 2.115061999999999998e+00
3.757096121212120453e-07 2.161999999999999922e+00
3.814897600000000394e-07 2.239250000000000185e+00
3.874505374999999830e-07 2.287999999999999812e+00
3.936005460317460001e-07 2.237249999999999961e+00
3.999489419354838875e-07 2.145999999999999908e+00
4.065054819672130760e-07 2.052312999999999832e+00
4.132805733333333187e-07 1.947999999999999954e+00
4.202853288135592703e-07 1.867750000000000021e+00
4.275316275862068230e-07 1.721000000000000085e+00
4.350321824561402909e-07 1.360249000000000041e+00
4.428006142857142435e-07 9.909999999999999920e-01
4.508515345454545391e-07 8.076879999999999615e-01
4.592006370370370090e-07 6.959999999999999520e-01
4.678648000000000563e-07 6.051879999999999482e-01
4.768621999999999302e-07 5.390000000000000346e-01
4.862124392156861576e-07 4.845630000000000215e-01
4.959366879999999824e-07 4.410000000000000031e-01
5.060578448979591960e-07 4.030630000000000046e-01
5.166007166666666087e-07 3.709999999999999964e-01
5.275922212765956291e-07 3.438749999999999862e-01
5.390616173913043932e-07 3.200000000000000067e-01
5.510407644444444955e-07 2.970630000000000215e-01
5.635644181818180415e-07 2.760000000000000231e-01
5.766705674418603289e-07 2.570629999999999860e-01
5.904008190476190267e-07 2.399999999999999911e-01
6.048008390243903025e-07 2.252500000000000058e-01
6.199208599999999516e-07 2.109999999999999931e-01
6.358162666666666441e-07 1.949380000000000002e-01
6.525482736842105422e-07 1.789999999999999925e-01
6.701847135135134926e-07 1.654380000000000017e-01
6.888009555555555135e-07 1.509999999999999953e-01
7.084809828571428320e-07 1.310630000000000128e-01
7.293186588235293423e-07 1.120000000000000023e-01
7.514192242424240907e-07 9.975000000000000533e-02
7.749010749999999659e-07 9.099999999999999756e-02
7.998978838709677751e-07 8.908199999999999452e-02
8.265611466666666374e-07 8.000000000000000167e-02
8.550632551724136460e-07 4.026300000000000018e-02
8.856012285714285930e-07 1.690000000000000096e-03
9.184012740740740180e-07 0.000000000000000000e+00
9.537243999999998603e-07 0.000000000000000000e+00
9.918733759999999648e-07 0.000000000000000000e+00
1.033201433333333217e-06 0.000000000000000000e+00
1.078123234782608786e-06 0.000000000000000000e+00
1.127128836363636083e-06 0.000000000000000000e+00
1.180801638095238053e-06 0.000000000000000000e+00
1.239841719999999903e-06 0.000000000000000000e+00
1.305096547368421084e-06 0.000000000000000000e+00
1.377601911111111027e-06 0.000000000000000000e+00
1.458637317647058685e-06 0.000000000000000000e+00
1.549802149999999932e-06 0.000000000000000000e+00
1.653122293333333275e-06 0.000000000000000000e+00
1.771202457142857186e-06 0.000000000000000000e+00
1.907448799999999721e-06 0.000000000000000000e+00
2.066402866666666858e-06 0.000000000000000000e+00
2.254257672727272166e-06 0.000000000000000000e+00
2.479683439999999806e-06 0.000000000000000000e+00
