[0.000]
file = 0.000_InGaSb_N.txt
1 = 225.03394851773714e-9 1.249049401774522
2 = 235.04507626876548e-9 1.346221731601447
3 = 240.16287251817013e-9 1.3537468726829105
4 = 258.5141927412584e-9 1.4254948585562288
5 = 309.6562387404844e-9 3.4874392347356045
6 = 332.5723467838534e-9 3.7686864132359377
7 = 287.67167980456935e-9 2.249366947993699
8 = 390.23523653525774e-9 3.7866833370421995
9 = 350.3096248020694e-9 3.818134092068204
10 = 444.8528057875052e-9 3.7489358265264117
11 = 500.4015230201933e-9 4.511856278296162
12 = 483.33224832087717e-9 4.380878262884881
13 = 530.1991792840855e-9 4.461655262866965
14 = 609.3652981481548e-9 5.268810110855562
15 = 825.1361697503605e-9 4.377262

[0.100]
file = 0.100_InGaSb_N.txt
1 = 225.03394851773714e-9 1.2215314159070012
2 = 235.04507626876548e-9 1.324569461837001
3 = 240.74648086240046e-9 1.3320343857539731
4 = 262.24038917107447e-9 1.4202113813523016
5 = 312.3577311521011e-9 3.4462769004271396
6 = 333.0381213375805e-9 3.757068814338984
7 = 289.907397662459e-9 2.2027937128658577
8 = 390.23523653525774e-9 3.743638788856081
9 = 350.456773721891e-9 3.800941777933852
10 = 447.795784183939e-9 3.6681630542008654
11 = 510.1869261883356e-9 4.4499880613242215
12 = 490.10109863267496e-9 4.311818286423892
13 = 540.0581569121388e-9 4.389110199552115
14 = 626.3609983875601e-9 5.230859828161774
15 = 825.1361697503605e-9 4.41443

[0.300]
file = 0.300_InGaSb_N.txt
1 = 224.989055568181e-9 1.174601
2 = 235.04507626876548e-9 1.291504452813571
3 = 242.58709179420387e-9 1.3002855901793877
4 = 266.61866997610844e-9 1.395382519666091
5 = 316.3633923141534e-9 3.372367738440853
6 = 333.410740980562e-9 3.7115915403793704
7 = 293.54043918152973e-9 2.138038627616011
8 = 390.1420816245123e-9 3.667644443820072
9 = 350.2360503421585e-9 3.7625977194423603
10 = 453.38744313716325e-9 3.5430490276122426
11 = 521.8116908542492e-9 4.34124052302931
12 = 501.0636931593908e-9 4.1877796919768535
13 = 559.9968355479779e-9 4.267612764531608
14 = 655.349335592433e-9 5.169335682828976
15 = 825.3209031179143e-9 4.481247

[0.500]
file = 0.500_InGaSb_N.txt
1 = 224.94416261862477e-9 1.139171
2 = 235.08996921832167e-9 1.2701733099903272
3 = 243.2155930879904e-9 1.2845670804709421
4 = 269.2270074769797e-9 1.3761127599014285
5 = 319.43750436875166e-9 3.320793017684665
6 = 334.15598026652526e-9 3.6499475514840536
7 = 295.9624668609102e-9 2.082617401034848
8 = 390.3283914460031e-9 3.5991697319492495
9 = 350.16247588224763e-9 3.712354735625805
10 = 458.0962085714573e-9 3.4576955910309493
11 = 530.6406260435506e-9 4.255299108555813
12 = 509.3776071293163e-9 4.110434979048203
13 = 570.8858556147828e-9 4.174437801753916
14 = 675.0672908485394e-9 5.123004178447679
15 = 825.1361697503605e-9 4.526428

[0.700]
file = 0.700_InGaSb_N.txt
1 = 224.94416261862477e-9 1.114873
2 = 235.0001833192093e-9 1.2585458854684448
3 = 244.42770272600728e-9 1.2836612391942697
4 = 270.43802131666996e-9 1.3684939839746142
5 = 321.85953204813217e-9 3.2885630389527005
6 = 334.9943744632339e-9 3.583671121657914
7 = 297.4529454328366e-9 2.0588047459078087
8 = 390.1420816245123e-9 3.5373647800591366
9 = 349.7210291227826e-9 3.648662205653043
10 = 461.4806337273562e-9 3.407071666950244
11 = 535.1286680981121e-9 4.188560278189871
12 = 513.7920747239671e-9 4.060169642546498
13 = 576.992535787383e-9 4.108898517116597
14 = 684.9998429365036e-9 5.09093888700852
15 = 825.5056364854684e-9 4.537251

[0.900]
file = 0.900_InGaSb_N.txt
1 = 225.03394851773714e-9 1.1030045685989123
2 = 235.08996921832167e-9 1.257691739781224
3 = 244.56238157467584e-9 1.2970362950702767
4 = 269.9722467629429e-9 1.369923610411212
5 = 322.60477133409535e-9 3.2440098802580084
6 = 335.36699410621554e-9 3.5083194784293603
7 = 297.73241016507285e-9 2.0480651821567237
8 = 390.23523653525774e-9 3.4806942556132165
9 = 349.86817804260426e-9 3.5732199226168215
10 = 462.58425062601884e-9 3.3891509266321527
11 = 535.0550936382012e-9 4.140432714644331
12 = 515.1164150023623e-9 4.0500222522155696
13 = 575.3738976693444e-9 4.069350757981144
14 = 684.4112472572168e-9 5.071632409425804
15 = 825.1361697503605e-9 4.506535

[1.000]
file = 1.000_InGaSb_N.txt
1 = 224.989055568181e-9 1.100964
2 = 234.86550447054074e-9 1.258327500705119
3 = 244.96641812068148e-9 1.3095269594124823
4 = 269.41331729847053e-9 1.379006740185341
5 = 323.2568557093132e-9 3.24434858237992
6 = 335.9259235706879e-9 3.4735183513047185
7 = 297.4529454328366e-9 2.0499733737277475
8 = 390.23523653525774e-9 3.455956528367797
9 = 350.38319926198017e-9 3.5319873417003893
10 = 462.58425062601884e-9 3.3946006118087655
11 = 529.9784559043529e-9 4.125540661250548
12 = 514.5278193230755e-9 4.054197088263958
13 = 568.0900261381709e-9 4.058729350094957
14 = 675.5087376080046e-9 5.066933413197635
15 = 825.3209031179143e-9 4.475493

